P 10.8556, 1.6397, -45.7829,  255, 0, 0,  3,  to_Vulska`s_Husk
P -1104.6205, 899.0699, 603.0991,  240, 240, 240,  2,  The_Reclamation_Room
P -1053.9136, 881.4286, 262.6040,  0, 127, 127,  2,  Tolvias_the_Keeper_(Quest)
P -512.4481, -148.2706, -0.8218,  0, 127, 127,  2,  Hillbert_Sonori_(Quest)
P -210.2473, 524.9814, -80.1042,  0, 127, 127,  2,  Krog_the_Bounty_Hunter_(Quest)
P -734.1125, 469.1959, -78.3844,  79, 0, 123,  2,  Five
P -706.8182, 672.1292, -77.0685,  46, 0, 103,  2,  Four
P -663.3325, 978.6948, -78.3844,  66, 0, 119,  2,  Three
P -596.0576, 1191.2107, -78.3844,  76, 0, 93,  2,  Two
P -670.4902, 861.1194, -78.3844,  73, 0, 136,  2,  One
P -972.9742, -150.4807, -77.0774,  0, 127, 127,  2,  Bergolos_(Quest)
P -360.4243, 1373.8230, -69.8913,  0, 127, 127,  2,  Delth_(Quest)
P -1131.4944, 1005.3522, 250.5639,  0, 127, 127,  2,  Welmina_(Quest)
P -886.9968, 712.6675, 370.5569,  0, 127, 127,  2,  Norri_Stubblestone_(Quest)
P -909.1037, 1879.6415, -81.3593,  0, 127, 127,  2,  Tippletop_Whizzlebang_(Quest)
P -8.9825, 49.0223, -47.3731,  0, 0, 0,  2,  Grif_Iceblock
P -793.5134, 1018.2653, 552.8685,  0, 0, 0,  2,  Donald_Darkbrow
P -886.9787, 1109.1603, 492.5038,  0, 0, 0,  2,  Hibblio
P -1264.4397, 1094.5818, 432.5037,  0, 0, 0,  2,  Girggles
P -1266.3068, 1051.4811, 432.5037,  0, 0, 0,  2,  Silbibio
P -852.4261, 883.8892, 574.4610,  0, 0, 0,  2,  Animated_Lava
P -1210.9502, 839.5044, 372.7336,  0, 0, 0,  2,  Stonemason_Broav
P -1066.1017, 984.3702, 372.9971,  0, 0, 0,  2,  Belsa
P -606.3268, 775.6615, -79.0815,  0, 0, 0,  2,  Elder_Viklov_(Roam)
P -1026.4806, 849.1672, 366.7629,  0, 0, 0,  2,  Donald_Darkbrow
P -995.2197, 1374.0713, 1042.6515,  0, 0, 0,  2,  Grodnis
P -923.5096, 1081.5143, 998.6518,  0, 0, 0,  2,  Argnus
P -745.7047, -40.3729, -81.3231,  0, 0, 0,  2,  a_failed_creation_(14th_quest)
P -1587.1868, 429.1123, -69.5245,  0, 0, 0,  2,  a_telmira_rootcaller
P -1020.9737, 341.4189, -72.8343,  127, 64, 0,  2,  A_Blazing_Basilisk_(Hunter)
P -1492.2726, 728.8577, -78.8353,  127, 64, 0,  2,  A_Blazing_Basilisk_(Hunter)
P -611.8481, 1304.8118, 838.1279,  127, 64, 0,  2,  Alysse_The_Librarian_(Hunter)
P -1274.4823, 603.6703, 586.2299,  127, 64, 0,  2,  Apexus_Enforcer_(Hunter)
P -1238.5681, 800.8369, 605.7566,  127, 64, 0,  2,  Apexus_Enforcer_(Hunter)
P -1237.0486, 845.3157, 609.9644,  127, 64, 0,  2,  Apexus_Enforcer_(Hunter)
P -1114.2704, 900.7421, 247.1721,  127, 64, 0,  2,  Apexus_Punisher_(Hunter)
P -979.5165, 893.3979, 1046.0547,  127, 64, 0,  2,  Apexus_Punisher_(Hunter)
P -926.7162, 1047.8473, 999.4515,  127, 64, 0,  2,  Armethis_Keenslice_(Hunter)
P -1045.2473, 931.1780, 999.8911,  127, 64, 0,  2,  Armethys_(Hunter)
P -525.2089, 1282.5490, -78.1967,  127, 64, 0,  2,  Bellikos_Bloodsiren_(Hunter)
P -463.2190, 1044.5940, -75.6881,  127, 64, 0,  2,  Deformed_Firebug_(Hunter)
P -645.7963, 868.6352, -78.6557,  127, 64, 0,  2,  Gressie_(Hunter)
P -650.4969, 1273.5613, -100.4968,  127, 64, 0,  2,  Gressie_(Hunter)
P -815.2036, 713.3752, 1062.8965,  127, 64, 0,  2,  Leviathan_(Hunter)
P -925.6160, 928.2271, 779.0519,  127, 64, 0,  2,  Lithographer_Bakaan_(Hunter)
P -924.0670, 1521.1603, 1062.1946,  127, 64, 0,  2,  Mistress_of_Pain_(Hunter)
P -1172.7168, 1010.4858, 249.6967,  127, 64, 0,  2,  Priestess_of_the_First_(Hunter)
P -949.8895, 1315.7091, -79.4409,  127, 64, 0,  2,  Sergeant_Deepwater_(Hunter)
P -1007.4869, 895.9697, 603.0656,  127, 64, 0,  2,  Slaggard_the_Smelter_(Hunter)
P -467.5903, 635.3412, -75.0497,  127, 64, 0,  2,  Spitting_Firebug_(Hunter)
P -1308.3926, 1364.4579, 1042.9780,  127, 64, 0,  2,  Summoner_Netikos_(Hunter)
P -1073.7168, 727.1099, 821.6319,  127, 64, 0,  2,  The_Collector_(Hunter)
P -1734.9973, 1304.0266, -75.0934,  127, 64, 0,  2,  The_Scavenger_Subjugator_(Hunter)
P -1169.3246, 764.7050, 256.0324,  127, 64, 0,  2,  Twisted_Handmaiden_(Hunter)
P -1212.9264, 1111.3009, 434.5930,  127, 64, 0,  2,  Warden_Bindleskin_(Hunter)
P -1225.0668, 635.0359, 572.8210,  127, 64, 0,  2,  Animated_Lava_(Hunter)
P -1104.4844, 145.4089, -77.0400,  127, 64, 0,  2,  Sergeant_Deepwater_(Hunter)
P -732.0898, 638.3000, -78.8363,  0, 0, 0,  2,  Elder_Viklov
