L -70.0000, -131.0000, -17.0000,  -75.0000, -130.0000, -17.0000,  0, 0, 0
L -59.0000, -132.0000, -15.0000,  -70.0000, -131.0000, -17.0000,  0, 0, 0
L -49.0000, -132.0000, -17.0000,  -59.0000, -132.0000, -15.0000,  0, 0, 0
L -46.0000, -131.0000, -16.0000,  -49.0000, -132.0000, -17.0000,  0, 0, 0
L -41.0000, -130.0000, -16.0000,  -46.0000, -131.0000, -16.0000,  0, 0, 0
L -42.0000, -122.0000, -17.0000,  -41.0000, -130.0000, -16.0000,  0, 0, 0
L -44.0000, -116.0000, -14.0000,  -42.0000, -122.0000, -17.0000,  0, 0, 0
L -42.0000, -111.0000, -11.0000,  -44.0000, -116.0000, -14.0000,  0, 0, 0
L -42.0000, -107.0000, -10.0000,  -42.0000, -111.0000, -11.0000,  0, 0, 0
L -43.0000, -106.0000, -11.0000,  -42.0000, -107.0000, -10.0000,  0, 0, 0
L -38.0000, -101.0000, -11.0000,  -43.0000, -106.0000, -11.0000,  0, 0, 0
L -39.0000, -91.0000, -10.0000,  -38.0000, -101.0000, -11.0000,  0, 0, 0
L -23.0000, -103.0000, -10.0000,  -24.6000, -89.2000, -10.0000,  0, 0, 0
L -22.0000, -121.0000, -17.0000,  -23.0000, -103.0000, -10.0000,  0, 0, 0
L -21.0000, -134.0000, -16.0000,  -22.0000, -121.0000, -17.0000,  0, 0, 0
L -22.0000, -146.0000, -16.0000,  -21.0000, -134.0000, -16.0000,  0, 0, 0
L -34.0000, -149.0000, -17.0000,  -22.0000, -146.0000, -16.0000,  0, 0, 0
L -49.0000, -148.0000, -16.0000,  -34.0000, -149.0000, -17.0000,  0, 0, 0
L -59.0000, -146.0000, -15.0000,  -49.0000, -148.0000, -16.0000,  0, 0, 0
L -64.0000, -148.0000, -17.0000,  -59.0000, -146.0000, -15.0000,  0, 0, 0
L -67.0000, -148.0000, -17.0000,  -64.0000, -148.0000, -17.0000,  0, 0, 0
L -151.0000, -592.0000, -17.0000,  -154.0000, -588.0000, -17.0000,  0, 0, 0
L -820.0000, -755.3000, -5.4000,  -818.8000, -725.0000, -5.4000,  0, 0, 0
L -816.0000, -719.7000, -6.1000,  -818.5000, -717.6000, -5.2000,  0, 0, 0
L -816.3000, -656.5000, -5.3000,  -814.2000, -654.9000, -5.0000,  0, 0, 0
L -814.2000, -654.9000, -5.0000,  -811.7000, -654.8000, -5.0000,  0, 0, 0
L -818.5000, -713.0000, -5.3000,  -815.9000, -711.5000, -5.0000,  0, 0, 0
L -818.5000, -717.6000, -5.2000,  -818.5000, -713.0000, -5.3000,  0, 0, 0
L -809.8000, -755.9000, -0.1000,  -820.0000, -755.3000, -5.4000,  0, 0, 0
L -813.0000, -711.7000, -5.0000,  -811.0000, -663.0000, -5.0000,  0, 0, 0
L -811.7000, -654.8000, -5.0000,  -849.0000, -614.4000, -5.0000,  0, 0, 0
L -816.6000, -661.1000, -5.4000,  -816.3000, -656.5000, -5.3000,  0, 0, 0
L -852.4000, -614.2000, -5.0000,  -854.9000, -611.9000, -6.0000,  0, 0, 0
L -815.9000, -711.5000, -5.0000,  -813.0000, -711.7000, -5.0000,  0, 0, 0
L -811.0000, -663.0000, -5.0000,  -814.0000, -662.9000, -5.0000,  0, 0, 0
L -854.9000, -611.9000, -6.0000,  -855.7000, -608.9000, -5.9000,  0, 0, 0
L -818.8000, -725.0000, -5.4000,  -813.5000, -725.0000, -1.0000,  0, 0, 0
L -849.0000, -614.4000, -5.0000,  -852.4000, -614.2000, -5.0000,  0, 0, 0
L -813.2000, -719.9000, -5.3000,  -816.0000, -719.7000, -6.1000,  0, 0, 0
L -814.0000, -662.9000, -5.0000,  -816.6000, -661.1000, -5.4000,  0, 0, 0
L -813.5000, -725.0000, -1.0000,  -813.2000, -719.9000, -5.3000,  0, 0, 0
L 92.0000, -55.0000, -10.0000,  92.2000, -42.4000, -5.3000,  0, 0, 0
L 86.8000, -41.8000, -10.1000,  87.0000, -33.2000, -10.0000,  0, 0, 0
L 87.0000, -33.2000, -10.0000,  94.4000, -32.0000, -10.2000,  0, 0, 0
L -16.6000, 98.8000, -5.5000,  -17.3000, 93.4000, -10.0000,  0, 0, 0
L -2.9000, 93.3000, -10.0000,  -4.3000, 95.4000, -10.0000,  0, 0, 0
L 2.4000, 92.9000, -10.1000,  -2.9000, 93.3000, -10.0000,  0, 0, 0
L 94.4000, -32.0000, -10.2000,  94.4000, -21.3000, -9.7000,  0, 0, 0
L -1.9000, -87.5000, -10.0000,  0.1000, -89.6000, -9.8000,  0, 0, 0
L 4.1000, -85.5000, -5.0000,  1.5000, -83.0000, -5.1000,  0, 0, 0
L 1.5000, -83.0000, -5.1000,  0.6000, -81.4000, -10.0000,  0, 0, 0
L -17.3000, 93.4000, -10.0000,  -47.0000, 93.5000, -10.1000,  0, 0, 0
L 43.2000, -54.8000, -10.0000,  92.0000, -55.0000, -10.0000,  0, 0, 0
L -5.5000, -87.1000, -10.0000,  -1.9000, -87.5000, -10.0000,  0, 0, 0
L 36.8000, -53.1000, -5.2000,  41.8000, -53.2000, -5.1000,  0, 0, 0
L -4.3000, 95.4000, -10.0000,  -4.2000, 98.6000, -10.0000,  0, 0, 0
L -18.1000, -94.6000, -5.3000,  -15.0000, -94.5000, -9.5000,  0, 0, 0
L -52.9000, 96.2000, -10.0000,  -55.0000, 93.3000, -10.1000,  0, 0, 0
L 92.7000, 48.5000, -10.0000,  92.7000, 50.8000, -10.0000,  0, 0, 0
L 89.7000, 59.0000, -10.0000,  91.8000, 59.0000, -10.0000,  0, 0, 0
L 40.3000, 98.4000, -5.5000,  39.4000, 93.0000, -10.0000,  0, 0, 0
L -100.7000, 2.0000, -10.0000,  -101.0000, -10.5000, -5.4000,  0, 0, 0
L -95.6000, -12.1000, -10.0000,  -95.7000, -41.2000, -10.0000,  0, 0, 0
L -95.7000, -53.5000, -10.0000,  -97.1000, -55.1000, -10.0000,  0, 0, 0
L -101.1000, -46.8000, -10.0000,  -98.4000, -46.9000, -10.0000,  0, 0, 0
L -62.5000, -90.9000, -10.0000,  -60.1000, -88.7000, -10.1000,  0, 0, 0
L -60.1000, -88.7000, -10.1000,  -55.9000, -88.7000, -10.1000,  0, 0, 0
L -100.6000, 16.0000, -5.1000,  -100.7000, 10.2000, -10.0000,  0, 0, 0
L -95.5000, -48.7000, -10.0000,  -95.7000, -53.5000, -10.0000,  0, 0, 0
L -97.0000, 2.4000, -10.0000,  -100.7000, 2.0000, -10.0000,  0, 0, 0
L -97.7000, 10.1000, -10.0000,  -95.1000, 8.2000, -10.0000,  0, 0, 0
L 56.1000, 91.0000, -10.0000,  53.1000, 90.3000, -10.0000,  0, 0, 0
L -95.1000, 8.2000, -10.0000,  -95.2000, 3.6000, -10.1000,  0, 0, 0
L -100.2000, -55.1000, -10.0000,  -62.5000, -93.2000, -10.0000,  0, 0, 0
L -48.2000, -88.9000, -10.0000,  -39.0000, -91.0000, -10.0000,  0, 0, 0
L 39.4000, 93.0000, -10.0000,  10.5000, 93.1000, -10.0000,  0, 0, 0
L -24.6000, -89.2000, -10.0000,  -17.9000, -89.1000, -10.0000,  0, 0, 0
L 53.1000, 90.3000, -10.0000,  50.0000, 93.5000, -10.0000,  0, 0, 0
L 51.8000, 98.2000, -10.0000,  40.3000, 98.4000, -5.5000,  0, 0, 0
L 10.5000, 93.1000, -10.0000,  9.6000, 98.5000, -5.4000,  0, 0, 0
L 89.3000, 50.9000, -10.0000,  87.2000, 53.0000, -10.0000,  0, 0, 0
L 87.2000, 53.0000, -10.0000,  87.3000, 56.6000, -10.0000,  0, 0, 0
L 87.3000, 44.5000, -10.1000,  92.7000, 45.0000, -5.0000,  0, 0, 0
L -95.2000, 3.6000, -10.1000,  -97.0000, 2.4000, -10.0000,  0, 0, 0
L 49.9000, 95.2000, -10.0000,  51.8000, 98.2000, -10.0000,  0, 0, 0
L -98.4000, -46.9000, -10.0000,  -95.5000, -48.7000, -10.0000,  0, 0, 0
L 58.3000, 93.0000, -10.0000,  56.1000, 91.0000, -10.0000,  0, 0, 0
L 87.3000, 56.6000, -10.0000,  89.7000, 59.0000, -10.0000,  0, 0, 0
L -95.7000, -41.2000, -10.0000,  -101.0000, -41.6000, -6.0000,  0, 0, 0
L 91.8000, 59.0000, -10.0000,  58.3000, 93.0000, -10.0000,  0, 0, 0
L 4.0000, 98.5000, -10.0000,  4.1000, 95.6000, -10.0000,  0, 0, 0
L 92.7000, 45.0000, -5.0000,  92.7000, 48.5000, -10.0000,  0, 0, 0
L -8.1000, -93.0000, -10.0000,  -8.1000, -89.8000, -10.0000,  0, 0, 0
L -17.9000, -89.1000, -10.0000,  -18.1000, -94.6000, -5.3000,  0, 0, 0
L -15.0000, -94.5000, -9.5000,  -6.5000, -94.6000, -10.0000,  0, 0, 0
L -55.9000, -88.7000, -10.1000,  -54.4000, -90.8000, -10.0000,  0, 0, 0
L -95.2000, 16.3000, -10.0000,  -100.6000, 16.0000, -5.1000,  0, 0, 0
L -54.4000, -90.8000, -10.0000,  -54.3000, -94.3000, -10.0000,  0, 0, 0
L -54.3000, -94.3000, -10.0000,  -48.6000, -94.0000, -5.1000,  0, 0, 0
L 50.0000, 93.5000, -10.0000,  49.9000, 95.2000, -10.0000,  0, 0, 0
L -97.1000, -55.1000, -10.0000,  -100.2000, -55.1000, -10.0000,  0, 0, 0
L -101.0000, -10.5000, -5.4000,  -95.6000, -12.1000, -10.0000,  0, 0, 0
L -6.5000, -94.6000, -10.0000,  -8.1000, -93.0000, -10.0000,  0, 0, 0
L -48.6000, -94.0000, -5.1000,  -48.2000, -88.9000, -10.0000,  0, 0, 0
L -100.7000, 10.2000, -10.0000,  -97.7000, 10.1000, -10.0000,  0, 0, 0
L 92.7000, 50.8000, -10.0000,  89.3000, 50.9000, -10.0000,  0, 0, 0
L -62.5000, -93.2000, -10.0000,  -62.5000, -90.9000, -10.0000,  0, 0, 0
L -8.1000, -89.8000, -10.0000,  -5.5000, -87.1000, -10.0000,  0, 0, 0
L 9.6000, 98.5000, -5.4000,  4.0000, 98.5000, -10.0000,  0, 0, 0
L -101.0000, -41.6000, -6.0000,  -101.1000, -46.8000, -10.0000,  0, 0, 0
L 86.8000, -19.9000, -10.1000,  86.9000, -12.3000, -10.1000,  0, 0, 0
L -95.3000, 64.4000, -10.0000,  -93.3000, 62.5000, -10.0000,  0, 0, 0
L -93.3000, 62.5000, -10.0000,  -92.9000, 58.8000, -10.0000,  0, 0, 0
L 87.3000, 15.5000, -10.0000,  87.6000, 23.4000, -11.6000,  0, 0, 0
L -47.0000, 93.5000, -10.1000,  -47.3000, 98.9000, -5.1000,  0, 0, 0
L -96.4000, 55.9000, -10.0000,  -98.2000, 56.3000, -10.0000,  0, 0, 0
L 35.0000, -55.0000, -10.0000,  36.8000, -53.1000, -5.2000,  0, 0, 0
L -100.6000, 46.5000, -5.4000,  -95.1000, 46.0000, -10.1000,  0, 0, 0
L -95.3000, 25.0000, -12.1000,  -95.2000, 16.3000, -10.0000,  0, 0, 0
L 21.9000, -60.5000, -10.1000,  25.8000, -64.1000, -5.3000,  0, 0, 0
L -60.9000, 95.2000, -10.0000,  -61.1000, 98.0000, -10.0000,  0, 0, 0
L -55.0000, 93.3000, -10.1000,  -59.4000, 93.2000, -10.1000,  0, 0, 0
L 92.4000, 2.0000, -10.0000,  92.6000, 14.5000, -5.5000,  0, 0, 0
L 92.6000, 14.5000, -5.5000,  87.3000, 15.5000, -10.0000,  0, 0, 0
L 87.2000, 0.6000, -10.1000,  89.9000, 2.0000, -10.0000,  0, 0, 0
L 86.9000, -12.3000, -10.1000,  92.3000, -12.0000, -5.1000,  0, 0, 0
L -47.3000, 98.9000, -5.1000,  -52.9000, 98.9000, -10.0000,  0, 0, 0
L 87.6000, 23.4000, -11.6000,  88.5000, 24.7000, -12.8000,  0, 0, 0
L -96.5000, 25.9000, -12.3000,  -95.3000, 25.0000, -12.1000,  0, 0, 0
L 0.6000, -81.4000, -10.0000,  21.9000, -60.5000, -10.1000,  0, 0, 0
L 4.1000, 95.6000, -10.0000,  2.4000, 92.9000, -10.1000,  0, 0, 0
L 91.7000, -22.3000, -9.0000,  86.8000, -19.9000, -10.1000,  0, 0, 0
L -95.1000, 46.0000, -10.1000,  -95.0000, 37.1000, -12.6000,  0, 0, 0
L -4.2000, 98.6000, -10.0000,  -16.6000, 98.8000, -5.5000,  0, 0, 0
L -95.0000, 37.1000, -12.6000,  -96.5000, 36.6000, -12.8000,  0, 0, 0
L 92.4000, -6.2000, -9.7000,  89.4000, -6.2000, -10.0000,  0, 0, 0
L -96.5000, 36.6000, -12.8000,  -96.5000, 25.9000, -12.3000,  0, 0, 0
L -98.2000, 56.3000, -10.0000,  -100.3000, 58.0000, -10.0000,  0, 0, 0
L 88.5000, 35.3000, -12.8000,  87.5000, 36.0000, -12.4000,  0, 0, 0
L 89.9000, 2.0000, -10.0000,  92.4000, 2.0000, -10.0000,  0, 0, 0
L 94.4000, -21.3000, -9.7000,  91.7000, -22.3000, -9.0000,  0, 0, 0
L -59.4000, 93.2000, -10.1000,  -60.9000, 95.2000, -10.0000,  0, 0, 0
L 87.1000, -4.9000, -10.1000,  87.2000, 0.6000, -10.1000,  0, 0, 0
L -92.9000, 58.8000, -10.0000,  -96.4000, 55.9000, -10.0000,  0, 0, 0
L 88.5000, 24.7000, -12.8000,  88.5000, 35.3000, -12.8000,  0, 0, 0
L -52.9000, 98.9000, -10.0000,  -52.9000, 96.2000, -10.0000,  0, 0, 0
L 89.4000, -6.2000, -10.0000,  87.1000, -4.9000, -10.1000,  0, 0, 0
L -100.3000, 58.0000, -10.0000,  -100.6000, 46.5000, -5.4000,  0, 0, 0
L 41.8000, -53.2000, -5.1000,  43.2000, -54.8000, -10.0000,  0, 0, 0
L 92.2000, -42.4000, -5.3000,  86.8000, -41.8000, -10.1000,  0, 0, 0
L -61.1000, 98.0000, -10.0000,  -95.3000, 64.4000, -10.0000,  0, 0, 0
L 92.3000, -12.0000, -5.1000,  92.4000, -6.2000, -9.7000,  0, 0, 0
L 87.5000, 36.0000, -12.4000,  87.3000, 44.5000, -10.1000,  0, 0, 0
L 25.8000, -64.1000, -5.3000,  35.0000, -55.0000, -10.0000,  0, 0, 0
L 0.1000, -89.6000, -9.8000,  4.1000, -85.5000, -5.0000,  0, 0, 0
L -179.6000, -212.1000, -15.9000,  -130.3000, -211.5000, -16.0000,  0, 0, 0
L -129.6000, -210.8000, -16.0000,  -129.4000, -161.0000, -15.9000,  0, 0, 0
L -129.4000, -161.0000, -15.9000,  -128.1000, -160.5000, -16.0000,  0, 0, 0
L -79.8000, -161.0000, -16.0000,  -79.5000, -160.7000, -16.0000,  0, 0, 0
L -74.4000, -146.2000, -15.9000,  -67.0000, -148.0000, -17.0000,  0, 0, 0
L -80.2000, -146.8000, -15.9000,  -77.6000, -145.3000, -15.6000,  0, 0, 0
L -85.0000, -159.9000, -15.8000,  -79.8000, -161.0000, -16.0000,  0, 0, 0
L -131.9000, -60.4000, -16.0000,  -180.8000, -60.9000, -15.9000,  0, 0, 0
L -80.2000, -125.9000, -15.8000,  -80.0000, -111.8000, -16.0000,  0, 0, 0
L -77.6000, -145.3000, -15.6000,  -74.4000, -146.2000, -15.9000,  0, 0, 0
L -231.1000, -315.7000, -16.2000,  -232.3000, -264.7000, -16.0000,  0, 0, 0
L -79.5000, -160.7000, -16.0000,  -80.2000, -146.8000, -15.9000,  0, 0, 0
L -232.3000, -264.7000, -16.0000,  -229.0000, -263.4000, -16.1000,  0, 0, 0
L -129.4000, -111.8000, -16.0000,  -131.1000, -108.2000, -16.0000,  0, 0, 0
L -130.3000, -211.5000, -16.0000,  -129.6000, -210.8000, -16.0000,  0, 0, 0
L -180.8000, -60.9000, -15.9000,  -332.5000, -215.1000, -16.0000,  0, 0, 0
L -131.4000, -60.9000, -16.0000,  -131.9000, -60.4000, -16.0000,  0, 0, 0
L -332.0000, -264.0000, -16.0000,  -331.4000, -264.7000, -16.0000,  0, 0, 0
L -75.0000, -130.0000, -17.0000,  -79.4000, -127.3000, -15.6000,  0, 0, 0
L -80.4000, -111.3000, -16.0000,  -129.4000, -111.8000, -16.0000,  0, 0, 0
L -80.0000, -111.8000, -16.0000,  -80.4000, -111.3000, -16.0000,  0, 0, 0
L -229.0000, -263.4000, -16.1000,  -181.3000, -263.0000, -16.0000,  0, 0, 0
L -332.5000, -215.1000, -16.0000,  -332.0000, -264.0000, -16.0000,  0, 0, 0
L -180.9000, -262.6000, -16.0000,  -181.4000, -213.2000, -16.0000,  0, 0, 0
L -128.1000, -160.5000, -16.0000,  -85.0000, -159.9000, -15.8000,  0, 0, 0
L -181.3000, -213.3000, -16.0000,  -179.6000, -212.1000, -15.9000,  0, 0, 0
L -79.4000, -127.3000, -15.6000,  -80.2000, -125.9000, -15.8000,  0, 0, 0
L -131.1000, -108.2000, -16.0000,  -131.4000, -60.9000, -16.0000,  0, 0, 0
L -181.3000, -263.0000, -16.0000,  -180.9000, -262.6000, -16.0000,  0, 0, 0
L -111.9000, -575.6000, -16.7000,  -131.6000, -575.6000, -16.7000,  0, 0, 0
L -131.6000, -575.6000, -16.7000,  -132.7000, -575.0000, -16.4000,  0, 0, 0
L -132.7000, -575.0000, -16.4000,  -137.6000, -573.7000, -17.5000,  0, 0, 0
L -137.6000, -573.7000, -17.5000,  -141.3000, -570.4000, -17.1000,  0, 0, 0
L -141.3000, -570.4000, -17.1000,  -144.3000, -570.1000, -16.7000,  0, 0, 0
L -144.3000, -570.1000, -16.7000,  -150.7000, -569.3000, -15.2000,  0, 0, 0
L -150.7000, -569.3000, -15.2000,  -153.4000, -571.8000, -18.0000,  0, 0, 0
L -153.4000, -571.8000, -18.0000,  -153.5000, -577.4000, -18.0000,  0, 0, 0
L -153.5000, -577.4000, -18.0000,  -148.2000, -578.2000, -12.4000,  0, 0, 0
L -148.2000, -578.2000, -12.4000,  -148.1000, -582.9000, -16.6000,  0, 0, 0
L -148.1000, -582.9000, -16.6000,  -151.0000, -583.0000, -16.6000,  0, 0, 0
L -151.0000, -583.0000, -16.6000,  -153.7000, -585.4000, -18.0000,  0, 0, 0
L -153.7000, -585.4000, -18.0000,  -153.7000, -589.7000, -18.0000,  0, 0, 0
L -153.7000, -589.7000, -18.0000,  -150.4000, -592.2000, -16.7000,  0, 0, 0
L -111.6000, -575.6000, -16.7000,  -94.5000, -575.7000, -16.3000,  0, 0, 0
L -94.5000, -575.7000, -16.3000,  -94.1000, -575.4000, -16.3000,  0, 0, 0
L -94.1000, -575.4000, -16.3000,  -94.2000, -551.5000, -16.3000,  0, 0, 0
L -94.2000, -551.5000, -16.3000,  -95.4000, -549.6000, -16.4000,  0, 0, 0
L -95.4000, -549.6000, -16.4000,  -95.5000, -548.2000, -16.4000,  0, 0, 0
L -95.5000, -548.2000, -16.4000,  -95.0000, -547.2000, -16.9000,  0, 0, 0
L -95.0000, -547.2000, -16.9000,  -95.0000, -517.0000, -22.7000,  0, 0, 0
L -95.0000, -517.0000, -22.7000,  -97.3000, -515.9000, -22.7000,  0, 0, 0
L -97.3000, -515.9000, -22.7000,  -96.1000, -505.0000, -23.6000,  0, 0, 0
L -383.7000, -461.1000, -19.9000,  -592.5000, -462.1000, -19.9000,  150, 150, 150
L -592.5000, -462.1000, -19.9000,  -662.4000, -417.0000, -13.7000,  150, 150, 150
L -383.7000, -461.0000, -19.9000,  -313.9000, -408.8000, -13.7000,  150, 150, 150
L 20.1000, -410.2000, -22.7000,  23.1000, -410.4000, -22.5000,  0, 0, 0
L 23.1000, -410.4000, -22.5000,  40.9000, -410.3000, -16.6000,  0, 0, 0
L 40.9000, -410.3000, -16.6000,  40.9000, -406.4000, -16.6000,  0, 0, 0
L 40.9000, -406.4000, -14.9000,  47.5000, -406.2000, -14.9000,  0, 0, 0
L 47.5000, -406.2000, -16.5000,  47.3000, -410.3000, -16.5000,  0, 0, 0
L 47.3000, -410.3000, -16.5000,  56.0000, -410.3000, -16.6000,  0, 0, 0
L 56.0000, -410.3000, -16.6000,  55.9000, -406.3000, -16.6000,  0, 0, 0
L 55.9000, -406.3000, -14.9000,  62.6000, -406.4000, -14.9000,  0, 0, 0
L 62.6000, -406.4000, -16.5000,  62.4000, -410.3000, -16.5000,  0, 0, 0
L 62.4000, -410.3000, -16.5000,  65.1000, -410.4000, -16.8000,  0, 0, 0
L 65.1000, -410.4000, -16.8000,  66.9000, -408.7000, -17.2000,  0, 0, 0
L 66.9000, -408.7000, -17.2000,  69.8000, -408.9000, -17.2000,  0, 0, 0
L 69.8000, -408.9000, -17.2000,  73.2000, -407.1000, -17.0000,  0, 0, 0
L 73.2000, -407.1000, -17.0000,  77.7000, -407.6000, -17.6000,  0, 0, 0
L 77.7000, -407.6000, -17.6000,  79.6000, -409.0000, -18.1000,  0, 0, 0
L 79.6000, -409.0000, -18.1000,  83.0000, -418.6000, -17.8000,  0, 0, 0
L 83.0000, -418.6000, -17.8000,  77.6000, -420.4000, -15.5000,  0, 0, 0
L 77.6000, -420.4000, -15.5000,  77.9000, -426.5000, -15.3000,  0, 0, 0
L 77.9000, -426.5000, -15.3000,  82.9000, -428.7000, -18.0000,  0, 0, 0
L 82.9000, -428.7000, -18.0000,  82.6000, -434.2000, -18.1000,  0, 0, 0
L 82.6000, -434.2000, -18.1000,  84.0000, -437.2000, -18.1000,  0, 0, 0
L 84.0000, -437.2000, -18.1000,  132.0000, -485.2000, -18.0000,  0, 0, 0
L 132.0000, -485.2000, -18.0000,  134.2000, -490.8000, -18.1000,  0, 0, 0
L 134.2000, -490.8000, -18.1000,  137.2000, -493.9000, -18.0000,  0, 0, 0
L 137.2000, -493.9000, -18.0000,  142.0000, -493.9000, -18.0000,  0, 0, 0
L 142.0000, -493.9000, -18.0000,  144.4000, -499.0000, -15.2000,  0, 0, 0
L 144.4000, -499.0000, -15.2000,  150.2000, -499.1000, -15.4000,  0, 0, 0
L 150.2000, -499.1000, -15.4000,  151.6000, -494.2000, -17.9000,  0, 0, 0
L 151.6000, -494.2000, -17.9000,  160.0000, -494.5000, -17.9000,  0, 0, 0
L 160.0000, -494.5000, -17.9000,  162.4000, -497.0000, -17.4000,  0, 0, 0
L 162.4000, -497.0000, -17.4000,  165.3000, -497.1000, -18.0000,  0, 0, 0
L 165.3000, -497.1000, -18.0000,  166.1000, -503.0000, -16.9000,  0, 0, 0
L 166.1000, -503.0000, -16.9000,  177.0000, -502.8000, -16.3000,  0, 0, 0
L 177.0000, -502.8000, -16.3000,  177.4000, -497.7000, -17.6000,  0, 0, 0
L 177.4000, -497.7000, -17.6000,  181.9000, -494.5000, -17.8000,  0, 0, 0
L 181.9000, -494.5000, -17.8000,  190.0000, -493.7000, -17.9000,  0, 0, 0
L 190.0000, -493.7000, -17.9000,  192.4000, -498.9000, -15.4000,  0, 0, 0
L 192.4000, -498.9000, -15.4000,  198.2000, -499.3000, -14.8000,  0, 0, 0
L 198.2000, -499.3000, -14.8000,  200.3000, -494.1000, -17.9000,  0, 0, 0
L 200.3000, -494.1000, -17.9000,  209.2000, -494.3000, -18.1000,  0, 0, 0
L 209.2000, -494.3000, -18.1000,  212.4000, -490.9000, -18.1000,  0, 0, 0
L 212.4000, -490.9000, -18.1000,  212.0000, -410.0000, -18.0000,  0, 0, 0
L 212.0000, -410.0000, -18.0000,  217.3000, -406.4000, -15.0000,  0, 0, 0
L 217.3000, -406.4000, -15.0000,  217.2000, -401.4000, -15.4000,  0, 0, 0
L 217.2000, -401.4000, -15.4000,  212.2000, -399.1000, -17.7000,  0, 0, 0
L 212.2000, -399.1000, -17.7000,  218.2000, -387.2000, -18.1000,  0, 0, 0
L 218.2000, -387.2000, -18.1000,  221.4000, -392.5000, -15.2000,  0, 0, 0
L 221.4000, -392.5000, -15.2000,  227.2000, -392.6000, -15.5000,  0, 0, 0
L 227.2000, -392.6000, -15.5000,  229.7000, -387.4000, -17.8000,  0, 0, 0
L 229.7000, -387.4000, -17.8000,  267.5000, -387.3000, -17.7000,  0, 0, 0
L 267.5000, -387.3000, -17.7000,  269.5000, -392.6000, -15.5000,  0, 0, 0
L 269.5000, -392.6000, -15.5000,  275.3000, -392.4000, -15.2000,  0, 0, 0
L 275.3000, -392.4000, -15.2000,  277.9000, -387.1000, -18.0000,  0, 0, 0
L 277.9000, -387.1000, -18.0000,  281.5000, -387.4000, -18.1000,  0, 0, 0
L 281.5000, -387.4000, -18.1000,  284.6000, -384.3000, -18.1000,  0, 0, 0
L 284.6000, -384.3000, -18.1000,  284.1000, -302.3000, -18.0000,  0, 0, 0
L 284.1000, -302.3000, -18.0000,  289.4000, -300.3000, -15.2000,  0, 0, 0
L 289.4000, -300.3000, -15.2000,  289.5000, -294.5000, -15.5000,  0, 0, 0
L 289.5000, -294.5000, -15.5000,  284.3000, -292.0000, -17.7000,  0, 0, 0
L 284.3000, -292.0000, -17.7000,  284.4000, -253.8000, -17.7000,  0, 0, 0
L 284.4000, -253.8000, -17.7000,  289.5000, -252.3000, -15.5000,  0, 0, 0
L 289.5000, -252.3000, -15.5000,  289.2000, -246.4000, -15.3000,  0, 0, 0
L 289.2000, -246.4000, -15.3000,  284.3000, -244.3000, -18.0000,  0, 0, 0
L 284.3000, -244.3000, -18.0000,  284.4000, -240.3000, -18.1000,  0, 0, 0
L 284.4000, -240.3000, -18.1000,  281.3000, -237.4000, -18.1000,  0, 0, 0
L 281.3000, -237.4000, -18.1000,  200.9000, -237.9000, -18.0000,  0, 0, 0
L 200.9000, -237.9000, -18.0000,  197.9000, -232.4000, -14.8000,  0, 0, 0
L 197.9000, -232.4000, -14.8000,  192.1000, -232.8000, -15.5000,  0, 0, 0
L 192.1000, -232.8000, -15.5000,  189.2000, -238.6000, -17.8000,  0, 0, 0
L 189.2000, -238.6000, -17.8000,  181.8000, -237.3000, -17.8000,  0, 0, 0
L 181.8000, -237.3000, -17.8000,  179.4000, -234.9000, -17.6000,  0, 0, 0
L 179.4000, -234.9000, -17.6000,  177.1000, -235.1000, -17.7000,  0, 0, 0
L 177.1000, -235.1000, -17.7000,  176.4000, -229.1000, -16.5000,  0, 0, 0
L 176.4000, -229.1000, -16.5000,  165.8000, -228.7000, -16.9000,  0, 0, 0
L 165.8000, -228.7000, -16.9000,  164.7000, -234.6000, -18.1000,  0, 0, 0
L 164.7000, -234.6000, -18.1000,  162.2000, -234.8000, -17.5000,  0, 0, 0
L 162.2000, -234.8000, -17.5000,  160.9000, -237.7000, -18.0000,  0, 0, 0
L 160.9000, -237.7000, -18.0000,  151.9000, -238.1000, -17.7000,  0, 0, 0
L 151.9000, -238.1000, -17.7000,  149.9000, -232.8000, -15.5000,  0, 0, 0
L 149.9000, -232.8000, -15.5000,  144.1000, -232.9000, -15.2000,  0, 0, 0
L 144.1000, -232.9000, -15.2000,  142.2000, -238.3000, -18.0000,  0, 0, 0
L 142.2000, -238.3000, -18.0000,  136.9000, -237.8000, -18.0000,  0, 0, 0
L 136.9000, -237.8000, -18.0000,  134.8000, -240.1000, -18.1000,  0, 0, 0
L 134.8000, -240.1000, -18.1000,  134.9000, -244.2000, -18.0000,  0, 0, 0
L 134.9000, -244.2000, -18.0000,  129.7000, -246.8000, -15.2000,  0, 0, 0
L 129.7000, -246.8000, -15.2000,  129.6000, -252.6000, -15.4000,  0, 0, 0
L 129.6000, -252.6000, -15.4000,  135.5000, -255.0000, -17.7000,  0, 0, 0
L 135.5000, -255.0000, -17.7000,  135.0000, -292.6000, -17.8000,  0, 0, 0
L 135.0000, -292.6000, -17.8000,  129.6000, -294.8000, -15.4000,  0, 0, 0
L 129.6000, -294.8000, -15.4000,  129.7000, -300.4000, -15.2000,  0, 0, 0
L 129.7000, -300.4000, -15.2000,  134.5000, -302.3000, -18.0000,  0, 0, 0
L 134.5000, -302.3000, -18.0000,  134.8000, -307.8000, -18.1000,  0, 0, 0
L 134.8000, -307.8000, -18.1000,  131.6000, -314.8000, -18.0000,  0, 0, 0
L 131.6000, -314.8000, -18.0000,  85.0000, -361.6000, -18.0000,  0, 0, 0
L 85.0000, -361.6000, -18.0000,  82.6000, -365.4000, -18.0000,  0, 0, 0
L 82.6000, -365.4000, -18.0000,  82.8000, -370.3000, -18.0000,  0, 0, 0
L 82.8000, -370.3000, -18.0000,  77.3000, -372.7000, -14.8000,  0, 0, 0
L 77.3000, -372.7000, -14.8000,  77.7000, -378.5000, -15.5000,  0, 0, 0
L 77.7000, -378.5000, -15.5000,  82.6000, -380.8000, -17.7000,  0, 0, 0
L 82.6000, -380.8000, -17.7000,  82.1000, -385.3000, -17.7000,  0, 0, 0
L 82.1000, -385.3000, -17.7000,  79.2000, -390.7000, -17.6000,  0, 0, 0
L 79.2000, -390.7000, -17.6000,  77.4000, -391.5000, -17.1000,  0, 0, 0
L 77.4000, -391.5000, -17.1000,  71.7000, -390.9000, -17.2000,  0, 0, 0
L 71.7000, -390.9000, -17.2000,  66.0000, -387.8000, -16.8000,  0, 0, 0
L 66.0000, -387.8000, -16.8000,  62.4000, -387.9000, -16.5000,  0, 0, 0
L 62.4000, -387.9000, -16.5000,  62.5000, -390.4000, -16.5000,  0, 0, 0
L 62.5000, -390.4000, -16.5000,  56.8000, -391.6000, -15.8000,  0, 0, 0
L 56.8000, -391.6000, -15.8000,  56.0000, -387.9000, -16.6000,  0, 0, 0
L 56.0000, -387.9000, -16.6000,  47.3000, -387.9000, -16.5000,  0, 0, 0
L 47.3000, -387.9000, -16.5000,  47.0000, -391.9000, -15.8000,  0, 0, 0
L 47.0000, -391.9000, -15.8000,  40.9000, -391.5000, -16.6000,  0, 0, 0
L 40.9000, -391.5000, -16.6000,  40.9000, -387.9000, -16.6000,  0, 0, 0
L 40.9000, -387.9000, -16.6000,  19.7000, -387.9000, -22.7000,  0, 0, 0
L 19.7000, -387.9000, -22.7000,  9.8000, -390.3000, -22.3000,  0, 0, 0
L 9.8000, -408.7000, -22.7000,  13.1000, -408.6000, -23.0000,  0, 0, 0
L 13.1000, -408.6000, -23.0000,  18.0000, -408.3000, -23.0000,  0, 0, 0
L 18.0000, -408.3000, -23.0000,  20.1000, -410.2000, -22.7000,  0, 0, 0
L -110.0000, -244.7000, -22.2000,  -86.2000, -244.7000, -22.2000,  0, 0, 0
L -86.2000, -244.7000, -22.2000,  -84.8000, -245.8000, -22.7000,  0, 0, 0
L -84.8000, -245.8000, -22.7000,  -82.7000, -246.0000, -22.4000,  0, 0, 0
L -82.7000, -246.0000, -22.4000,  -81.8000, -245.5000, -22.7000,  0, 0, 0
L -81.8000, -245.5000, -22.7000,  -80.5000, -245.5000, -22.7000,  0, 0, 0
L -80.5000, -245.5000, -22.7000,  -78.2000, -248.6000, -23.0000,  0, 0, 0
L -78.2000, -248.6000, -23.0000,  -73.4000, -248.6000, -22.9000,  0, 0, 0
L -73.4000, -248.6000, -22.9000,  -71.4000, -245.5000, -22.7000,  0, 0, 0
L -71.4000, -245.5000, -22.7000,  -36.7000, -245.7000, -28.7000,  0, 0, 0
L -36.7000, -245.7000, -28.7000,  -30.1000, -252.6000, -28.8000,  0, 0, 0
L -30.1000, -252.6000, -28.8000,  -27.5000, -252.7000, -28.9000,  0, 0, 0
L -27.5000, -252.7000, -28.9000,  -20.2000, -246.5000, -28.8000,  0, 0, 0
L -20.2000, -246.5000, -28.8000,  -17.9000, -246.5000, -28.8000,  0, 0, 0
L -17.9000, -246.5000, -28.8000,  -14.9000, -244.5000, -30.1000,  0, 0, 0
L -14.9000, -244.5000, -30.1000,  -12.0000, -239.0000, -31.5000,  0, 0, 0
L -12.0000, -239.0000, -31.5000,  -11.7000, -236.1000, -30.1000,  0, 0, 0
L -11.7000, -236.1000, -30.1000,  -11.7000, -232.7000, -30.1000,  0, 0, 0
L -11.7000, -232.7000, -30.1000,  -6.4000, -232.8000, -30.1000,  0, 0, 0
L -6.4000, -232.8000, -30.1000,  -6.5000, -221.5000, -30.1000,  0, 0, 0
L -6.5000, -221.5000, -30.1000,  -11.7000, -221.5000, -30.1000,  0, 0, 0
L -11.7000, -221.5000, -30.1000,  -11.8000, -218.6000, -30.1000,  0, 0, 0
L -11.8000, -218.6000, -30.1000,  -7.5000, -211.8000, -30.1000,  0, 0, 0
L -7.5000, -211.8000, -30.1000,  -1.4000, -212.5000, -30.1000,  0, 0, 0
L -1.4000, -212.5000, -30.1000,  3.7000, -207.3000, -30.1000,  0, 0, 0
L 3.7000, -207.3000, -30.1000,  0.5000, -203.9000, -30.1000,  0, 0, 0
L 0.5000, -203.9000, -30.1000,  34.7000, -169.7000, -30.1000,  0, 0, 0
L 34.7000, -169.7000, -30.1000,  39.2000, -174.4000, -30.1000,  0, 0, 0
L 39.2000, -174.4000, -30.1000,  41.9000, -164.9000, -30.1000,  0, 0, 0
L 41.9000, -164.9000, -30.1000,  42.9000, -161.4000, -30.1000,  0, 0, 0
L 42.9000, -161.4000, -30.1000,  44.6000, -159.2000, -30.1000,  0, 0, 0
L 44.6000, -159.2000, -30.1000,  52.7000, -154.1000, -30.1000,  0, 0, 0
L 52.7000, -154.1000, -30.1000,  62.9000, -161.4000, -30.1000,  0, 0, 0
L 62.9000, -161.4000, -30.1000,  63.7000, -165.7000, -30.1000,  0, 0, 0
L 63.7000, -165.7000, -30.1000,  67.0000, -173.1000, -30.1000,  0, 0, 0
L 67.0000, -173.1000, -30.1000,  71.1000, -169.7000, -30.1000,  0, 0, 0
L 71.1000, -169.7000, -30.1000,  105.3000, -203.9000, -30.1000,  0, 0, 0
L 105.3000, -203.9000, -30.1000,  102.5000, -207.3000, -30.1000,  0, 0, 0
L 102.5000, -207.3000, -30.1000,  107.7000, -211.3000, -30.1000,  0, 0, 0
L 107.7000, -211.3000, -30.1000,  113.3000, -211.8000, -30.1000,  0, 0, 0
L 113.3000, -211.8000, -30.1000,  117.7000, -218.3000, -30.1000,  0, 0, 0
L 117.7000, -218.3000, -30.1000,  117.5000, -221.5000, -30.1000,  0, 0, 0
L 117.5000, -221.5000, -30.1000,  112.7000, -222.5000, -30.1000,  0, 0, 0
L 112.7000, -222.5000, -30.1000,  112.7000, -231.9000, -30.1000,  0, 0, 0
L 112.7000, -231.9000, -30.1000,  117.5000, -232.7000, -30.1000,  0, 0, 0
L 117.5000, -232.7000, -30.1000,  117.5000, -236.1000, -30.1000,  0, 0, 0
L 117.5000, -236.1000, -30.1000,  117.8000, -239.0000, -31.5000,  0, 0, 0
L 117.8000, -239.0000, -31.5000,  121.0000, -244.8000, -30.1000,  0, 0, 0
L 121.0000, -244.8000, -30.1000,  123.0000, -246.1000, -29.2000,  0, 0, 0
L 123.0000, -246.1000, -29.2000,  123.0000, -267.5000, -29.3000,  0, 0, 0
L 123.0000, -267.5000, -29.3000,  120.3000, -269.3000, -30.1000,  0, 0, 0
L 120.3000, -269.3000, -30.1000,  117.8000, -274.6000, -31.5000,  0, 0, 0
L 117.8000, -274.6000, -31.5000,  117.4000, -277.5000, -30.1000,  0, 0, 0
L 117.4000, -277.5000, -30.1000,  117.5000, -281.0000, -30.1000,  0, 0, 0
L 117.5000, -281.0000, -30.1000,  112.8000, -281.6000, -30.1000,  0, 0, 0
L 112.8000, -281.6000, -30.1000,  113.7000, -292.0000, -30.1000,  0, 0, 0
L 113.7000, -292.0000, -30.1000,  117.5000, -292.2000, -30.1000,  0, 0, 0
L 117.5000, -292.2000, -30.1000,  117.6000, -293.3000, -30.1000,  0, 0, 0
L 117.6000, -293.3000, -30.1000,  110.9000, -300.7000, -30.1000,  0, 0, 0
L 110.9000, -300.7000, -30.1000,  107.1000, -298.1000, -30.1000,  0, 0, 0
L 107.1000, -298.1000, -30.1000,  100.1000, -304.6000, -30.1000,  0, 0, 0
L 100.1000, -304.6000, -30.1000,  102.9000, -308.6000, -30.1000,  0, 0, 0
L 102.9000, -308.6000, -30.1000,  68.7000, -342.8000, -30.1000,  0, 0, 0
L 68.7000, -342.8000, -30.1000,  64.5000, -340.0000, -30.1000,  0, 0, 0
L 64.5000, -340.0000, -30.1000,  58.2000, -347.6000, -30.1000,  0, 0, 0
L 58.2000, -347.6000, -30.1000,  60.9000, -350.7000, -30.1000,  0, 0, 0
L 60.9000, -350.7000, -30.1000,  60.3000, -351.5000, -30.1000,  0, 0, 0
L 60.3000, -351.5000, -30.1000,  52.9000, -352.6000, -30.1000,  0, 0, 0
L 52.9000, -352.6000, -30.1000,  44.9000, -350.7000, -30.1000,  0, 0, 0
L 44.9000, -350.7000, -30.1000,  47.6000, -346.3000, -30.1000,  0, 0, 0
L 47.6000, -346.3000, -30.1000,  40.2000, -339.5000, -30.1000,  0, 0, 0
L 40.2000, -339.5000, -30.1000,  37.0000, -342.8000, -30.1000,  0, 0, 0
L 37.0000, -342.8000, -30.1000,  2.9000, -308.6000, -30.1000,  0, 0, 0
L 2.9000, -308.6000, -30.1000,  5.7000, -304.5000, -30.1000,  0, 0, 0
L 5.7000, -304.5000, -30.1000,  -1.8000, -297.6000, -30.1000,  0, 0, 0
L -1.8000, -297.6000, -30.1000,  -5.1000, -300.7000, -30.1000,  0, 0, 0
L -5.1000, -300.7000, -30.1000,  -11.7000, -292.2000, -30.1000,  0, 0, 0
L -11.7000, -292.2000, -30.1000,  -6.5000, -291.7000, -30.1000,  0, 0, 0
L -6.5000, -291.7000, -30.1000,  -7.0000, -281.1000, -30.1000,  0, 0, 0
L -7.0000, -281.1000, -30.1000,  -11.7000, -281.0000, -30.1000,  0, 0, 0
L -11.7000, -281.0000, -30.1000,  -11.7000, -277.5000, -30.1000,  0, 0, 0
L -11.7000, -277.5000, -30.1000,  -12.0000, -274.6000, -31.5000,  0, 0, 0
L -12.0000, -274.6000, -31.5000,  -15.2000, -268.7000, -30.1000,  0, 0, 0
L -15.2000, -268.7000, -30.1000,  -17.7000, -267.3000, -29.0000,  0, 0, 0
L -17.7000, -267.3000, -29.0000,  -20.6000, -267.3000, -29.0000,  0, 0, 0
L -20.6000, -267.3000, -29.0000,  -22.9000, -266.1000, -29.1000,  0, 0, 0
L -22.9000, -266.1000, -29.1000,  -27.4000, -260.1000, -28.9000,  0, 0, 0
L -27.4000, -260.1000, -28.9000,  -29.5000, -259.9000, -28.6000,  0, 0, 0
L -29.5000, -259.9000, -28.6000,  -31.3000, -261.4000, -29.2000,  0, 0, 0
L -31.3000, -261.4000, -29.2000,  -33.6000, -265.8000, -28.7000,  0, 0, 0
L -33.6000, -265.8000, -28.7000,  -36.5000, -268.1000, -28.6000,  0, 0, 0
L -36.5000, -268.1000, -28.6000,  -71.4000, -268.1000, -22.7000,  0, 0, 0
L -71.4000, -268.1000, -22.7000,  -74.0000, -265.4000, -23.0000,  0, 0, 0
L -74.0000, -265.4000, -23.0000,  -78.5000, -265.0000, -22.9000,  0, 0, 0
L -78.5000, -265.0000, -22.9000,  -80.5000, -268.1000, -22.7000,  0, 0, 0
L -80.5000, -268.1000, -22.7000,  -85.4000, -268.3000, -22.4000,  0, 0, 0
L -85.4000, -268.3000, -22.4000,  -87.1000, -272.8000, -22.7000,  0, 0, 0
L -87.1000, -272.8000, -22.7000,  -88.2000, -274.1000, -22.6000,  0, 0, 0
L -110.3000, -244.9000, -22.2000,  -110.2000, -268.8000, -22.2000,  0, 0, 0
L -110.2000, -268.8000, -22.2000,  -109.7000, -269.4000, -22.3000,  0, 0, 0
L -109.7000, -269.4000, -22.3000,  -109.2000, -272.8000, -22.7000,  0, 0, 0
L -109.2000, -272.8000, -22.7000,  -109.0000, -277.0000, -22.0000,  0, 0, 0
L -243.2000, -676.5000, -16.4000,  -243.4000, -638.9000, -16.4000,  0, 0, 0
L -243.4000, -638.9000, -16.4000,  -240.8000, -639.0000, -16.4000,  0, 0, 0
L -240.8000, -639.0000, -16.4000,  -237.8000, -636.7000, -16.9000,  0, 0, 0
L -237.8000, -636.7000, -16.9000,  -237.9000, -632.8000, -16.8000,  0, 0, 0
L -237.9000, -632.8000, -16.8000,  -240.3000, -630.4000, -16.4000,  0, 0, 0
L -240.3000, -630.4000, -16.4000,  -243.4000, -630.4000, -16.4000,  0, 0, 0
L -243.4000, -630.4000, -16.4000,  -243.5000, -618.2000, -12.0000,  0, 0, 0
L -243.5000, -618.2000, -12.0000,  -238.1000, -617.5000, -16.8000,  0, 0, 0
L -238.1000, -617.5000, -16.8000,  -237.8000, -608.3000, -17.0000,  0, 0, 0
L -237.8000, -608.3000, -17.0000,  -248.1000, -606.7000, -16.1000,  0, 0, 0
L -248.1000, -606.7000, -16.1000,  -248.1000, -597.3000, -16.1000,  0, 0, 0
L -248.1000, -597.3000, -16.1000,  -238.0000, -596.2000, -16.8000,  0, 0, 0
L -238.0000, -596.2000, -16.8000,  -238.0000, -587.8000, -16.9000,  0, 0, 0
L -238.0000, -587.8000, -16.9000,  -243.2000, -587.4000, -11.6000,  0, 0, 0
L -243.2000, -587.4000, -11.6000,  -243.4000, -581.9000, -16.4000,  0, 0, 0
L -243.4000, -581.9000, -16.4000,  -240.6000, -581.9000, -16.4000,  0, 0, 0
L -240.6000, -581.9000, -16.4000,  -237.8000, -579.9000, -16.8000,  0, 0, 0
L -237.8000, -579.9000, -16.8000,  -237.8000, -575.5000, -16.6000,  0, 0, 0
L -237.8000, -575.5000, -16.6000,  -242.2000, -573.5000, -16.4000,  0, 0, 0
L -242.2000, -573.5000, -16.4000,  -208.8000, -539.9000, -16.4000,  0, 0, 0
L -208.8000, -539.9000, -16.4000,  -206.5000, -542.1000, -16.4000,  0, 0, 0
L -206.5000, -542.1000, -16.4000,  -203.2000, -542.3000, -16.7000,  0, 0, 0
L -203.2000, -542.3000, -16.7000,  -200.1000, -539.1000, -16.5000,  0, 0, 0
L -200.1000, -539.1000, -16.5000,  -202.0000, -534.8000, -16.4000,  0, 0, 0
L -202.0000, -534.8000, -16.4000,  -154.6000, -534.7000, -16.4000,  0, 0, 0
L -154.6000, -534.7000, -16.4000,  -154.6000, -537.4000, -16.4000,  0, 0, 0
L -154.6000, -537.4000, -16.4000,  -152.5000, -540.4000, -16.4000,  0, 0, 0
L -152.5000, -540.4000, -16.4000,  -147.8000, -540.3000, -16.4000,  0, 0, 0
L -147.8000, -540.3000, -16.4000,  -147.6000, -547.0000, -12.0000,  0, 0, 0
L -147.6000, -547.0000, -12.0000,  -153.0000, -547.4000, -17.4000,  0, 0, 0
L -153.0000, -547.4000, -17.4000,  -153.0000, -553.1000, -17.5000,  0, 0, 0
L -153.0000, -553.1000, -17.5000,  -145.1000, -555.4000, -16.6000,  0, 0, 0
L -145.1000, -555.4000, -16.6000,  -143.5000, -556.5000, -16.0000,  0, 0, 0
L -143.5000, -556.5000, -16.0000,  -141.9000, -556.5000, -16.2000,  0, 0, 0
L -141.9000, -556.5000, -16.2000,  -140.8000, -555.3000, -16.7000,  0, 0, 0
L -140.8000, -555.3000, -16.7000,  -138.0000, -553.6000, -16.4000,  0, 0, 0
L -138.0000, -553.6000, -16.4000,  -136.2000, -554.2000, -16.4000,  0, 0, 0
L -136.2000, -554.2000, -16.4000,  -134.6000, -552.1000, -16.4000,  0, 0, 0
L -134.6000, -552.1000, -16.4000,  -119.4000, -551.8000, -16.4000,  0, 0, 0
L -119.4000, -551.8000, -16.4000,  -117.5000, -549.7000, -16.2000,  0, 0, 0
L -117.5000, -549.7000, -16.2000,  -117.5000, -548.1000, -16.2000,  0, 0, 0
L -117.5000, -548.1000, -16.2000,  -118.0000, -547.3000, -16.6000,  0, 0, 0
L -118.0000, -547.3000, -16.6000,  -117.8000, -517.4000, -22.4000,  0, 0, 0
L -117.8000, -517.4000, -22.4000,  -115.7000, -515.5000, -22.7000,  0, 0, 0
L -115.7000, -515.5000, -22.7000,  -116.0000, -512.0000, -22.6000,  0, 0, 0
L -116.0000, -512.0000, -22.6000,  -115.6000, -509.0000, -22.4000,  0, 0, 0
L -115.6000, -509.0000, -22.4000,  -115.9000, -507.6000, -22.5000,  0, 0, 0
L -115.9000, -507.6000, -22.5000,  -116.7000, -505.9000, -23.0000,  0, 0, 0
L -116.7000, -505.9000, -23.0000,  -118.7000, -504.1000, -29.8000,  0, 0, 0
L -118.7000, -504.1000, -29.8000,  -126.0000, -504.2000, -29.8000,  0, 0, 0
L -126.0000, -504.2000, -29.8000,  -126.1000, -499.6000, -29.8000,  0, 0, 0
L -126.1000, -499.6000, -29.8000,  -135.6000, -499.7000, -29.8000,  0, 0, 0
L -135.6000, -499.7000, -29.8000,  -136.0000, -504.3000, -29.8000,  0, 0, 0
L -136.0000, -504.3000, -29.8000,  -137.5000, -504.2000, -29.8000,  0, 0, 0
L -137.5000, -504.2000, -29.8000,  -138.5000, -503.0000, -29.8000,  0, 0, 0
L -138.5000, -503.0000, -29.8000,  -137.8000, -502.3000, -29.8000,  0, 0, 0
L -137.8000, -502.3000, -29.8000,  -137.7000, -497.9000, -30.0000,  0, 0, 0
L -137.7000, -497.9000, -30.0000,  -138.6000, -496.6000, -29.9000,  0, 0, 0
L -138.6000, -496.6000, -29.9000,  -138.7000, -432.8000, -29.8000,  0, 0, 0
L -138.7000, -432.8000, -29.8000,  -141.5000, -429.3000, -29.9000,  0, 0, 0
L -141.5000, -429.3000, -29.9000,  -146.1000, -429.2000, -30.0000,  0, 0, 0
L -146.1000, -429.2000, -30.0000,  -147.3000, -430.1000, -29.9000,  0, 0, 0
L -147.3000, -430.1000, -29.9000,  -149.0000, -429.8000, -29.8000,  0, 0, 0
L -149.0000, -429.8000, -29.8000,  -150.0000, -424.8000, -29.7000,  0, 0, 0
L -150.0000, -424.8000, -29.7000,  -158.9000, -424.6000, -30.0000,  0, 0, 0
L -158.9000, -424.6000, -30.0000,  -158.6000, -430.2000, -29.8000,  0, 0, 0
L -158.6000, -430.2000, -29.8000,  -198.9000, -429.8000, -29.8000,  0, 0, 0
L -198.9000, -429.8000, -29.8000,  -199.2000, -425.2000, -29.9000,  0, 0, 0
L -199.2000, -425.2000, -29.9000,  -208.1000, -425.2000, -29.8000,  0, 0, 0
L -208.1000, -425.2000, -29.8000,  -208.6000, -430.3000, -29.8000,  0, 0, 0
L -208.6000, -430.3000, -29.8000,  -210.1000, -430.2000, -29.8000,  0, 0, 0
L -210.1000, -430.2000, -29.8000,  -211.2000, -429.1000, -29.8000,  0, 0, 0
L -211.2000, -429.1000, -29.8000,  -210.4000, -428.6000, -29.8000,  0, 0, 0
L -210.4000, -428.6000, -29.8000,  -210.1000, -423.6000, -29.8000,  0, 0, 0
L -210.1000, -423.6000, -29.8000,  -211.3000, -422.7000, -29.9000,  0, 0, 0
L -211.3000, -422.7000, -29.9000,  -210.7000, -420.8000, -29.8000,  0, 0, 0
L -210.7000, -420.8000, -29.8000,  -206.2000, -420.2000, -29.9000,  0, 0, 0
L -206.2000, -420.2000, -29.9000,  -206.6000, -411.8000, -29.8000,  0, 0, 0
L -206.6000, -411.8000, -29.8000,  -211.3000, -411.3000, -29.8000,  0, 0, 0
L -211.3000, -411.3000, -29.8000,  -211.5000, -402.7000, -29.8000,  0, 0, 0
L -211.5000, -402.7000, -29.8000,  -212.6000, -401.4000, -22.7000,  0, 0, 0
L -212.6000, -401.4000, -22.7000,  -214.1000, -400.3000, -22.0000,  0, 0, 0
L -214.1000, -400.3000, -22.0000,  -217.6000, -400.3000, -22.1000,  0, 0, 0
L -217.6000, -400.3000, -22.1000,  -223.7000, -402.2000, -22.2000,  0, 0, 0
L -223.7000, -402.2000, -22.2000,  -227.4000, -402.7000, -22.3000,  0, 0, 0
L -227.4000, -402.7000, -22.3000,  -244.8000, -402.5000, -16.4000,  0, 0, 0
L -244.8000, -402.5000, -16.4000,  -246.1000, -403.5000, -16.1000,  0, 0, 0
L -246.1000, -403.5000, -16.1000,  -270.3000, -403.5000, -16.1000,  0, 0, 0
L -270.3000, -403.5000, -16.1000,  -271.8000, -402.4000, -16.3000,  0, 0, 0
L -271.8000, -402.4000, -16.3000,  -276.2000, -402.3000, -16.2000,  0, 0, 0
L -276.2000, -402.3000, -16.2000,  -277.0000, -402.7000, -16.3000,  0, 0, 0
L -277.0000, -402.7000, -16.3000,  -289.0000, -402.7000, -10.7000,  0, 0, 0
L -289.0000, -402.7000, -10.7000,  -293.7000, -401.2000, -10.6000,  0, 0, 0
L -293.7000, -401.2000, -10.6000,  -298.5000, -395.2000, -10.9000,  0, 0, 0
L -298.5000, -395.2000, -10.9000,  -301.8000, -395.3000, -11.0000,  0, 0, 0
L -301.8000, -395.3000, -11.0000,  -306.1000, -398.9000, -11.2000,  0, 0, 0
L -306.1000, -398.9000, -11.2000,  -311.2000, -404.5000, -12.1000,  0, 0, 0
L -311.2000, -404.5000, -12.1000,  -313.9000, -409.3000, -13.4000,  0, 0, 0
L -313.9000, -409.3000, -13.4000,  -313.8000, -411.5000, -12.1000,  0, 0, 0
L -313.8000, -411.5000, -12.1000,  -313.8000, -415.4000, -12.1000,  0, 0, 0
L -313.8000, -415.4000, -12.1000,  -318.0000, -415.5000, -12.1000,  0, 0, 0
L -318.0000, -415.5000, -12.1000,  -319.0000, -416.9000, -12.1000,  0, 0, 0
L -319.0000, -416.9000, -12.1000,  -318.9000, -424.1000, -12.1000,  0, 0, 0
L -318.9000, -424.1000, -12.1000,  -317.3000, -425.8000, -12.1000,  0, 0, 0
L -317.3000, -425.8000, -12.1000,  -313.8000, -426.0000, -12.1000,  0, 0, 0
L -313.8000, -426.0000, -12.1000,  -313.3000, -429.6000, -12.1000,  0, 0, 0
L -313.3000, -429.6000, -12.1000,  -314.3000, -436.6000, -12.1000,  0, 0, 0
L -314.3000, -436.6000, -12.1000,  -315.5000, -437.5000, -12.1000,  0, 0, 0
L -315.5000, -437.5000, -12.1000,  -318.3000, -435.0000, -12.1000,  0, 0, 0
L -318.3000, -435.0000, -12.1000,  -320.3000, -435.1000, -12.1000,  0, 0, 0
L -320.3000, -435.1000, -12.1000,  -325.2000, -439.9000, -12.1000,  0, 0, 0
L -325.2000, -439.9000, -12.1000,  -325.7000, -442.2000, -12.1000,  0, 0, 0
L -325.7000, -442.2000, -12.1000,  -323.0000, -445.1000, -12.1000,  0, 0, 0
L -323.0000, -445.1000, -12.1000,  -357.8000, -479.5000, -12.1000,  0, 0, 0
L -357.8000, -479.5000, -12.1000,  -360.0000, -477.1000, -12.1000,  0, 0, 0
L -360.0000, -477.1000, -12.1000,  -362.2000, -476.9000, -12.1000,  0, 0, 0
L -362.2000, -476.9000, -12.1000,  -367.4000, -482.2000, -12.1000,  0, 0, 0
L -367.4000, -482.2000, -12.1000,  -367.2000, -484.7000, -12.1000,  0, 0, 0
L -367.2000, -484.7000, -12.1000,  -365.1000, -487.3000, -12.1000,  0, 0, 0
L -365.1000, -487.3000, -12.1000,  -367.1000, -490.1000, -12.1000,  0, 0, 0
L -367.1000, -490.1000, -12.1000,  -372.9000, -494.3000, -12.1000,  0, 0, 0
L -372.9000, -494.3000, -12.1000,  -374.4000, -493.8000, -12.1000,  0, 0, 0
L -374.4000, -493.8000, -12.1000,  -374.4000, -490.4000, -12.1000,  0, 0, 0
L -374.4000, -490.4000, -12.1000,  -376.0000, -488.9000, -12.1000,  0, 0, 0
L -376.0000, -488.9000, -12.1000,  -383.3000, -488.8000, -12.1000,  0, 0, 0
L -383.3000, -488.8000, -12.1000,  -384.9000, -490.2000, -12.1000,  0, 0, 0
L -384.9000, -490.2000, -12.1000,  -384.9000, -494.1000, -12.1000,  0, 0, 0
L -384.9000, -494.1000, -12.1000,  -433.9000, -493.9000, -12.1000,  0, 0, 0
L -433.9000, -493.9000, -12.1000,  -433.9000, -490.1000, -12.1000,  0, 0, 0
L -433.9000, -490.1000, -12.1000,  -435.6000, -488.8000, -12.1000,  0, 0, 0
L -435.6000, -488.8000, -12.1000,  -442.4000, -488.9000, -12.1000,  0, 0, 0
L -442.4000, -488.9000, -12.1000,  -444.3000, -490.7000, -12.1000,  0, 0, 0
L -444.3000, -490.7000, -12.1000,  -444.5000, -494.1000, -12.1000,  0, 0, 0
L -444.5000, -494.1000, -12.1000,  -449.4000, -494.3000, -12.1000,  0, 0, 0
L -449.4000, -494.3000, -12.1000,  -449.4000, -491.0000, -12.1000,  0, 0, 0
L -449.4000, -491.0000, -12.1000,  -451.0000, -489.2000, -12.1000,  0, 0, 0
L -451.0000, -489.2000, -12.1000,  -458.6000, -489.2000, -12.1000,  0, 0, 0
L -458.6000, -489.2000, -12.1000,  -459.8000, -491.0000, -12.1000,  0, 0, 0
L -459.8000, -491.0000, -12.1000,  -459.9000, -494.4000, -12.1000,  0, 0, 0
L -459.9000, -494.4000, -12.1000,  -508.9000, -494.2000, -12.1000,  0, 0, 0
L -508.9000, -494.2000, -12.1000,  -508.8000, -490.2000, -12.1000,  0, 0, 0
L -508.8000, -490.2000, -12.1000,  -510.9000, -489.2000, -12.1000,  0, 0, 0
L -510.9000, -489.2000, -12.1000,  -517.9000, -489.3000, -12.1000,  0, 0, 0
L -517.9000, -489.3000, -12.1000,  -519.3000, -490.9000, -12.1000,  0, 0, 0
L -519.3000, -490.9000, -12.1000,  -519.6000, -494.5000, -12.1000,  0, 0, 0
L -519.6000, -494.5000, -12.1000,  -524.4000, -494.6000, -12.1000,  0, 0, 0
L -524.4000, -494.6000, -12.1000,  -524.4000, -491.3000, -12.1000,  0, 0, 0
L -524.4000, -491.3000, -12.1000,  -525.9000, -489.6000, -12.1000,  0, 0, 0
L -525.9000, -489.6000, -12.1000,  -533.5000, -489.6000, -12.1000,  0, 0, 0
L -533.5000, -489.6000, -12.1000,  -534.9000, -491.1000, -12.1000,  0, 0, 0
L -534.9000, -491.1000, -12.1000,  -534.9000, -494.8000, -12.1000,  0, 0, 0
L -534.9000, -494.8000, -12.1000,  -583.9000, -494.6000, -12.1000,  0, 0, 0
L -583.9000, -494.6000, -12.1000,  -583.9000, -491.2000, -12.1000,  0, 0, 0
L -583.9000, -491.2000, -12.1000,  -585.8000, -489.5000, -12.1000,  0, 0, 0
L -585.8000, -489.5000, -12.1000,  -592.8000, -489.6000, -12.1000,  0, 0, 0
L -592.8000, -489.6000, -12.1000,  -594.3000, -491.5000, -12.1000,  0, 0, 0
L -594.3000, -491.5000, -12.1000,  -594.7000, -494.8000, -12.1000,  0, 0, 0
L -594.7000, -494.8000, -12.1000,  -598.0000, -495.3000, -12.1000,  0, 0, 0
L -598.0000, -495.3000, -12.1000,  -605.1000, -494.3000, -12.1000,  0, 0, 0
L -605.1000, -494.3000, -12.1000,  -605.9000, -493.1000, -12.1000,  0, 0, 0
L -605.9000, -493.1000, -12.1000,  -603.3000, -490.3000, -12.1000,  0, 0, 0
L -603.3000, -490.3000, -12.1000,  -603.5000, -488.3000, -12.1000,  0, 0, 0
L -603.5000, -488.3000, -12.1000,  -608.7000, -483.0000, -12.1000,  0, 0, 0
L -608.7000, -483.0000, -12.1000,  -610.7000, -483.0000, -12.1000,  0, 0, 0
L -610.7000, -483.0000, -12.1000,  -613.5000, -485.6000, -12.1000,  0, 0, 0
L -613.5000, -485.6000, -12.1000,  -648.0000, -451.1000, -12.1000,  0, 0, 0
L -648.0000, -451.1000, -12.1000,  -645.6000, -448.6000, -12.1000,  0, 0, 0
L -645.6000, -448.6000, -12.1000,  -645.4000, -446.3000, -12.1000,  0, 0, 0
L -645.4000, -446.3000, -12.1000,  -650.7000, -441.1000, -12.1000,  0, 0, 0
L -650.7000, -441.1000, -12.1000,  -652.8000, -441.1000, -12.1000,  0, 0, 0
L -652.8000, -441.1000, -12.1000,  -655.6000, -443.5000, -12.1000,  0, 0, 0
L -655.6000, -443.5000, -12.1000,  -658.5000, -441.5000, -12.1000,  0, 0, 0
L -658.5000, -441.5000, -12.1000,  -662.6000, -435.5000, -12.1000,  0, 0, 0
L -662.6000, -435.5000, -12.1000,  -661.7000, -434.2000, -12.1000,  0, 0, 0
L -661.7000, -434.2000, -12.1000,  -659.3000, -434.1000, -12.1000,  0, 0, 0
L -659.3000, -434.1000, -12.1000,  -657.3000, -432.7000, -12.1000,  0, 0, 0
L -657.3000, -432.7000, -12.1000,  -657.2000, -425.5000, -12.1000,  0, 0, 0
L -657.2000, -425.5000, -12.1000,  -659.0000, -423.7000, -12.1000,  0, 0, 0
L -659.0000, -423.7000, -12.1000,  -662.5000, -423.6000, -12.1000,  0, 0, 0
L -662.5000, -423.6000, -12.1000,  -662.5000, -419.7000, -12.1000,  0, 0, 0
L -662.5000, -419.7000, -12.1000,  -662.5000, -417.3000, -13.4000,  0, 0, 0
L -662.5000, -417.3000, -13.4000,  -665.8000, -411.6000, -12.1000,  0, 0, 0
L -665.8000, -411.6000, -12.1000,  -667.6000, -410.3000, -11.2000,  0, 0, 0
L -667.6000, -410.3000, -11.2000,  -670.7000, -410.0000, -10.8000,  0, 0, 0
L -670.7000, -410.0000, -10.8000,  -674.1000, -406.4000, -11.6000,  0, 0, 0
L -674.1000, -406.4000, -11.6000,  -677.4000, -403.5000, -11.0000,  0, 0, 0
L -677.4000, -403.5000, -11.0000,  -680.6000, -403.5000, -10.9000,  0, 0, 0
L -680.6000, -403.5000, -10.9000,  -684.1000, -407.8000, -11.0000,  0, 0, 0
L -684.1000, -407.8000, -11.0000,  -687.4000, -410.6000, -10.5000,  0, 0, 0
L -687.4000, -410.6000, -10.5000,  -702.6000, -410.9000, -10.4000,  0, 0, 0
L -702.6000, -410.9000, -10.4000,  -704.4000, -412.9000, -10.4000,  0, 0, 0
L -704.4000, -412.9000, -10.4000,  -704.0000, -415.4000, -10.7000,  0, 0, 0
L -704.0000, -415.4000, -10.7000,  -704.0000, -445.6000, -16.5000,  0, 0, 0
L -704.0000, -445.6000, -16.5000,  -706.8000, -454.0000, -16.1000,  0, 0, 0
L -706.8000, -454.0000, -16.1000,  -706.4000, -456.6000, -16.3000,  0, 0, 0
L -706.4000, -456.6000, -16.3000,  -705.4000, -458.0000, -17.0000,  0, 0, 0
L -705.4000, -458.0000, -17.0000,  -702.9000, -459.6000, -17.6000,  0, 0, 0
L -702.9000, -459.6000, -17.6000,  -695.4000, -459.4000, -18.1000,  0, 0, 0
L -695.4000, -459.4000, -18.2000,  -693.2000, -458.4000, -9.6000,  0, 0, 0
L -693.2000, -458.4000, -9.6000,  -692.6000, -456.9000, -8.9000,  0, 0, 0
L -692.6000, -456.9000, -8.9000,  -688.1000, -456.8000, -9.3000,  0, 0, 0
L -688.1000, -456.8000, -9.3000,  -686.7000, -459.1000, -17.8000,  0, 0, 0
L -686.7000, -459.1000, -17.8000,  -684.1000, -459.2000, -18.1000,  0, 0, 0
L -684.1000, -459.2000, -18.1000,  -677.6000, -459.7000, -17.9000,  0, 0, 0
L -677.6000, -459.7000, -17.9000,  -677.8000, -529.5000, -18.0000,  0, 0, 0
L -677.8000, -529.5000, -18.0000,  -678.2000, -529.8000, -18.0000,  0, 0, 0
L -678.2000, -529.8000, -18.0000,  -741.2000, -529.7000, -17.9000,  0, 0, 0
L -741.2000, -529.7000, -17.9000,  -742.4000, -528.8000, -18.1000,  0, 0, 0
L -742.4000, -528.8000, -18.1000,  -746.8000, -528.7000, -18.0000,  0, 0, 0
L -746.8000, -528.7000, -18.0000,  -748.1000, -529.9000, -18.0000,  0, 0, 0
L -748.1000, -529.9000, -18.0000,  -750.4000, -530.2000, -18.1000,  0, 0, 0
L -750.4000, -530.2000, -18.1000,  -751.6000, -530.8000, -9.9000,  0, 0, 0
L -751.6000, -530.8000, -9.9000,  -752.0000, -532.3000, -9.3000,  0, 0, 0
L -752.0000, -532.3000, -9.3000,  -756.6000, -532.5000, -8.8000,  0, 0, 0
L -756.6000, -532.5000, -8.8000,  -757.1000, -530.9000, -9.0000,  0, 0, 0
L -757.1000, -530.9000, -9.0000,  -758.5000, -529.6000, -18.0000,  0, 0, 0
L -758.5000, -529.6000, -18.0000,  -767.2000, -530.3000, -17.9000,  0, 0, 0
L -767.2000, -530.3000, -17.9000,  -769.4000, -532.4000, -16.7000,  0, 0, 0
L -769.4000, -532.4000, -16.7000,  -769.2000, -535.8000, -16.9000,  0, 0, 0
L -769.2000, -535.8000, -16.9000,  -766.8000, -543.5000, -15.2000,  0, 0, 0
L -766.8000, -543.5000, -15.2000,  -767.3000, -548.2000, -16.5000,  0, 0, 0
L -767.3000, -548.2000, -16.5000,  -770.8000, -550.6000, -16.7000,  0, 0, 0
L -770.8000, -550.6000, -16.7000,  -770.5000, -555.9000, -16.6000,  0, 0, 0
L -770.5000, -555.9000, -16.6000,  -767.3000, -557.1000, -16.5000,  0, 0, 0
L -767.3000, -557.1000, -16.5000,  -767.4000, -565.1000, -15.5000,  0, 0, 0
L -767.4000, -565.1000, -15.5000,  -771.4000, -565.0000, -15.5000,  0, 0, 0
L -771.4000, -565.0000, -15.5000,  -771.4000, -570.4000, -15.5000,  0, 0, 0
L -771.4000, -570.4000, -15.5000,  -767.5000, -570.4000, -14.9000,  0, 0, 0
L -767.6000, -570.5000, -15.5000,  -767.4000, -574.5000, -16.2000,  0, 0, 0
L -767.4000, -574.5000, -16.2000,  -765.5000, -576.1000, -16.3000,  0, 0, 0
L -765.5000, -576.1000, -16.3000,  -764.0000, -576.0000, -16.1000,  0, 0, 0
L -764.0000, -576.0000, -16.1000,  -762.9000, -575.6000, -16.5000,  0, 0, 0
L -762.9000, -575.6000, -16.5000,  -761.1000, -575.6000, -16.5000,  0, 0, 0
L -761.1000, -575.6000, -16.5000,  -759.0000, -578.7000, -16.6000,  0, 0, 0
L -759.0000, -578.7000, -16.6000,  -754.2000, -578.7000, -16.6000,  0, 0, 0
L -754.2000, -578.7000, -16.6000,  -752.8000, -575.6000, -16.5000,  0, 0, 0
L -752.8000, -575.6000, -16.5000,  -745.3000, -575.6000, -16.5000,  0, 0, 0
L -745.3000, -575.6000, -16.5000,  -737.4000, -578.3000, -16.2000,  0, 0, 0
L -737.4000, -578.3000, -16.2000,  -733.1000, -578.0000, -17.1000,  0, 0, 0
L -733.1000, -578.0000, -17.1000,  -731.0000, -573.3000, -18.1000,  0, 0, 0
L -731.0000, -573.3000, -18.1000,  -731.5000, -566.6000, -18.0000,  0, 0, 0
L -731.5000, -566.6000, -18.0000,  -732.5000, -564.8000, -9.5000,  0, 0, 0
L -732.5000, -564.8000, -9.5000,  -734.0000, -564.2000, -8.9000,  0, 0, 0
L -734.0000, -564.2000, -8.9000,  -733.7000, -559.8000, -9.3000,  0, 0, 0
L -733.7000, -559.8000, -9.3000,  -731.8000, -557.9000, -18.2000,  0, 0, 0
L -731.8000, -557.9000, -18.2000,  -731.6000, -555.7000, -17.9000,  0, 0, 0
L -731.6000, -555.7000, -17.9000,  -730.8000, -554.6000, -18.1000,  0, 0, 0
L -730.8000, -554.6000, -18.1000,  -731.2000, -549.3000, -18.0000,  0, 0, 0
L -731.2000, -549.3000, -18.0000,  -592.3000, -550.4000, -17.9000,  0, 0, 0
L -592.3000, -550.4000, -17.9000,  -592.6000, -689.6000, -18.1000,  0, 0, 0
L -592.6000, -689.6000, -18.1000,  -731.8000, -689.4000, -18.0000,  0, 0, 0
L -731.8000, -689.4000, -18.0000,  -731.9000, -616.4000, -18.0000,  0, 0, 0
L -731.9000, -616.4000, -18.0000,  -734.3000, -614.5000, -9.3000,  0, 0, 0
L -734.3000, -614.5000, -9.3000,  -733.9000, -609.8000, -8.8000,  0, 0, 0
L -733.9000, -609.8000, -8.8000,  -731.4000, -608.0000, -18.0000,  0, 0, 0
L -731.4000, -608.0000, -18.0000,  -731.7000, -599.4000, -17.9000,  0, 0, 0
L -731.7000, -599.4000, -17.9000,  -734.7000, -597.0000, -16.8000,  0, 0, 0
L -734.7000, -597.0000, -16.8000,  -737.7000, -597.3000, -16.9000,  0, 0, 0
L -737.7000, -597.3000, -16.9000,  -745.2000, -599.6000, -15.1000,  0, 0, 0
L -745.2000, -599.6000, -15.1000,  -751.0000, -599.1000, -16.5000,  0, 0, 0
L -751.0000, -599.1000, -16.5000,  -752.8000, -599.1000, -16.5000,  0, 0, 0
L -752.8000, -599.1000, -16.5000,  -754.6000, -596.5000, -16.8000,  0, 0, 0
L -754.6000, -596.5000, -16.8000,  -759.5000, -595.9000, -16.5000,  0, 0, 0
L -759.5000, -595.9000, -16.5000,  -761.4000, -599.1000, -16.5000,  0, 0, 0
L -761.4000, -599.1000, -16.5000,  -763.0000, -599.0000, -16.5000,  0, 0, 0
L -763.0000, -599.0000, -16.5000,  -763.8000, -598.5000, -16.1000,  0, 0, 0
L -763.8000, -598.5000, -16.1000,  -765.5000, -598.6000, -16.3000,  0, 0, 0
L -765.5000, -598.6000, -16.3000,  -767.1000, -599.8000, -16.1000,  0, 0, 0
L -767.1000, -599.8000, -16.1000,  -791.2000, -599.8000, -16.1000,  0, 0, 0
L -791.2000, -599.8000, -16.1000,  -793.2000, -598.5000, -16.1000,  0, 0, 0
L -793.2000, -598.5000, -16.1000,  -794.5000, -598.5000, -16.1000,  0, 0, 0
L -794.5000, -598.5000, -16.1000,  -795.4000, -599.0000, -16.3000,  0, 0, 0
L -795.4000, -599.0000, -16.3000,  -812.3000, -599.0000, -10.6000,  0, 0, 0
L -812.3000, -599.0000, -10.6000,  -814.9000, -596.1000, -10.9000,  0, 0, 0
L -814.9000, -596.1000, -10.9000,  -818.8000, -595.8000, -10.7000,  0, 0, 0
L -818.8000, -595.8000, -10.7000,  -820.6000, -599.0000, -10.6000,  0, 0, 0
L -820.6000, -599.0000, -10.6000,  -825.6000, -599.0000, -10.4000,  0, 0, 0
L -825.6000, -599.0000, -10.4000,  -840.5000, -598.8000, -4.7000,  0, 0, 0
L -840.5000, -598.8000, -4.7000,  -845.5000, -596.6000, -5.1000,  0, 0, 0
L -845.5000, -596.6000, -5.1000,  -849.5000, -593.7000, -3.6000,  0, 0, 0
L -849.5000, -593.7000, -3.6000,  -853.6000, -593.5000, -3.5000,  0, 0, 0
L -853.6000, -593.5000, -3.5000,  -855.4000, -595.5000, -5.5000,  0, 0, 0
L -855.4000, -595.5000, -5.5000,  -855.6000, -600.9000, -5.8000,  0, 0, 0
L -855.6000, -600.9000, -5.8000,  -850.2000, -601.5000, 0.3000,  0, 0, 0
L -850.2000, -601.5000, 0.3000,  -850.1000, -607.1000, -4.5000,  0, 0, 0
L -850.1000, -607.1000, -4.5000,  -853.0000, -607.1000, -4.5000,  0, 0, 0
L -853.0000, -607.1000, -4.5000,  -855.7000, -608.9000, -5.9000,  0, 0, 0
L -809.8000, -755.9000, -0.1000,  -809.9000, -767.0000, -4.5000,  0, 0, 0
L -809.9000, -767.0000, -4.5000,  -811.7000, -765.5000, -4.5000,  0, 0, 0
L -811.7000, -765.5000, -4.5000,  -814.5000, -765.4000, -4.8000,  0, 0, 0
L -814.5000, -765.4000, -4.8000,  -817.4000, -768.3000, -4.8000,  0, 0, 0
L -817.4000, -768.3000, -4.8000,  -816.8000, -772.0000, -4.5000,  0, 0, 0
L -816.8000, -772.0000, -4.5000,  -815.0000, -773.8000, -4.5000,  0, 0, 0
L -815.0000, -773.8000, -4.5000,  -845.6000, -804.2000, -4.5000,  0, 0, 0
L -845.6000, -804.2000, -4.5000,  -848.6000, -801.0000, -4.5000,  0, 0, 0
L -848.6000, -801.0000, -4.5000,  -852.1000, -800.9000, -4.5000,  0, 0, 0
L -852.1000, -800.9000, -4.5000,  -854.2000, -803.3000, -4.5000,  0, 0, 0
L -854.2000, -803.3000, -4.5000,  -887.7000, -769.8000, -4.5000,  0, 0, 0
L -887.7000, -769.8000, -4.5000,  -885.2000, -769.4000, -4.5000,  0, 0, 0
L -885.2000, -769.4000, -4.5000,  -883.3000, -768.0000, -4.7000,  0, 0, 0
L -883.3000, -768.0000, -4.7000,  -883.3000, -763.2000, -5.9000,  0, 0, 0
L -883.3000, -763.2000, -5.9000,  -886.2000, -761.3000, -4.5000,  0, 0, 0
L -886.2000, -761.3000, -4.5000,  -888.9000, -761.3000, -4.5000,  0, 0, 0
L -888.9000, -761.3000, -4.5000,  -888.8000, -755.8000, 0.3000,  0, 0, 0
L -888.8000, -755.8000, 0.3000,  -885.6000, -755.9000, 0.3000,  0, 0, 0
L -885.6000, -755.9000, 0.3000,  -883.5000, -755.1000, -5.9000,  0, 0, 0
L -883.5000, -755.1000, -5.9000,  -883.5000, -725.4000, -5.9000,  0, 0, 0
L -883.5000, -725.4000, -5.9000,  -888.9000, -725.1000, -0.1000,  0, 0, 0
L -888.9000, -725.1000, -0.1000,  -888.8000, -708.4000, -4.5000,  0, 0, 0
L -888.8000, -708.4000, -4.5000,  -891.2000, -705.7000, -5.3000,  0, 0, 0
L -891.2000, -705.7000, -5.3000,  -895.5000, -705.5000, -5.4000,  0, 0, 0
L -895.5000, -705.5000, -5.4000,  -897.3000, -708.7000, -4.5000,  0, 0, 0
L -897.3000, -708.7000, -4.5000,  -897.3000, -711.2000, -4.5000,  0, 0, 0
L -897.3000, -711.2000, -4.5000,  -902.8000, -711.2000, 0.3000,  0, 0, 0
L -902.8000, -711.2000, 0.3000,  -902.7000, -708.4000, 0.1000,  0, 0, 0
L -902.7000, -708.4000, 0.1000,  -902.3000, -705.9000, -5.3000,  0, 0, 0
L -902.3000, -705.9000, -5.3000,  -933.1000, -705.9000, -5.3000,  0, 0, 0
L -933.1000, -705.9000, -5.3000,  -933.5000, -711.3000, -0.1000,  0, 0, 0
L -933.5000, -711.3000, -0.1000,  -945.8000, -711.2000, -4.5000,  0, 0, 0
L -945.8000, -711.2000, -4.5000,  -945.8000, -662.6000, -4.5000,  0, 0, 0
L -945.8000, -662.6000, -4.5000,  -943.3000, -662.6000, -4.5000,  0, 0, 0
L -943.3000, -662.6000, -4.5000,  -940.2000, -660.0000, -5.0000,  0, 0, 0
L -940.2000, -660.0000, -5.0000,  -940.3000, -656.6000, -5.0000,  0, 0, 0
L -940.3000, -656.6000, -5.0000,  -942.7000, -654.0000, -4.5000,  0, 0, 0
L -942.7000, -654.0000, -4.5000,  -945.8000, -654.2000, -4.5000,  0, 0, 0
L -945.8000, -654.2000, -4.5000,  -945.9000, -641.9000, -0.1000,  0, 0, 0
L -945.9000, -641.9000, -0.1000,  -942.4000, -641.9000, -0.2000,  0, 0, 0
L -942.4000, -641.9000, -0.2000,  -940.5000, -641.5000, -5.0000,  0, 0, 0
L -940.5000, -641.5000, -5.0000,  -940.6000, -634.9000, -4.9000,  0, 0, 0
L -940.6000, -634.9000, -4.9000,  -942.7000, -634.1000, -4.1000,  0, 0, 0
L -942.7000, -634.1000, -4.1000,  -946.0000, -633.4000, -3.7000,  0, 0, 0
L -946.0000, -633.4000, -3.7000,  -949.1000, -633.6000, -5.0000,  0, 0, 0
L -949.1000, -633.6000, -5.0000,  -952.2000, -635.3000, -4.5000,  0, 0, 0
L -952.2000, -635.3000, -4.5000,  -954.3000, -634.8000, -4.6000,  0, 0, 0
L -954.3000, -634.8000, -4.6000,  -955.6000, -636.9000, -4.5000,  0, 0, 0
L -955.6000, -636.9000, -4.5000,  -961.4000, -637.2000, -4.6000,  0, 0, 0
L -961.4000, -637.2000, -4.6000,  -973.3000, -637.1000, -4.6000,  0, 0, 0
L -973.3000, -637.1000, -4.6000,  -975.4000, -639.6000, -4.3000,  0, 0, 0
L -975.4000, -639.6000, -4.3000,  -975.3000, -641.1000, -4.5000,  0, 0, 0
L -975.3000, -641.1000, -4.5000,  -974.8000, -641.6000, -4.7000,  0, 0, 0
L -974.8000, -641.6000, -4.7000,  -974.9000, -653.8000, -10.5000,  0, 0, 0
L -974.9000, -653.8000, -10.5000,  -974.8000, -656.8000, -10.6000,  0, 0, 0
L -974.8000, -656.8000, -10.6000,  -974.9000, -683.8000, -10.6000,  0, 0, 0
L -974.9000, -683.8000, -10.6000,  -974.0000, -685.3000, -10.1000,  0, 0, 0
L -974.0000, -685.3000, -10.1000,  -974.0000, -709.5000, -10.1000,  0, 0, 0
L -974.0000, -709.5000, -10.1000,  -974.5000, -710.0000, -10.1000,  0, 0, 0
L -974.5000, -710.0000, -10.1000,  -998.6000, -710.0000, -10.1000,  0, 0, 0
L -998.6000, -710.0000, -10.1000,  -1002.7000, -709.2000, -10.7000,  0, 0, 0
L -1002.7000, -709.2000, -10.7000,  -1017.9000, -709.2000, -16.5000,  0, 0, 0
L -1017.9000, -709.2000, -16.5000,  -1032.6000, -708.9000, -16.4000,  0, 0, 0
L -1032.6000, -708.9000, -16.4000,  -1040.2997, -705.0000, -16.3000,  0, 0, 0
L -1040.2997, -705.0000, -16.3000,  -1049.7000, -705.2000, -16.1000,  0, 0, 0
L -1049.7000, -705.2000, -16.1000,  -1061.0000, -704.5000, -16.0000,  0, 0, 0
L -1061.0000, -704.5000, -16.0000,  -1065.2997, -705.5000, -16.7000,  0, 0, 0
L -1065.2997, -705.5000, -16.7000,  -1066.5000, -706.3000, -16.9000,  0, 0, 0
L -1066.5000, -706.3000, -16.9000,  -1066.5000, -706.3000, -16.9000,  0, 0, 0
L -1066.5000, -706.3000, -16.9000,  -1066.5000, -716.5000, -16.9000,  0, 0, 0
L -1066.5000, -716.5000, -16.9000,  -1061.2000, -716.4000, -16.9000,  0, 0, 0
L -1061.2000, -716.4000, -16.9000,  -1061.1000, -720.7000, -16.9000,  0, 0, 0
L -1061.1000, -720.7000, -16.9000,  -1054.7997, -720.6000, -16.7000,  0, 0, 0
L -1054.7997, -720.6000, -16.7000,  -1054.7000, -724.0000, -16.9000,  0, 0, 0
L -1054.7000, -724.0000, -16.9000,  -1045.1000, -724.4000, -16.0000,  0, 0, 0
L -1045.1000, -724.4000, -16.0000,  -1045.2000, -726.0000, -16.9000,  0, 0, 0
L -1045.2000, -726.0000, -16.9000,  -1085.5000, -766.5000, -16.6000,  0, 0, 0
L -1085.5000, -766.5000, -16.6000,  -1085.3998, -822.9000, -16.9000,  0, 0, 0
L -1085.3998, -822.9000, -16.9000,  -1140.3998, -822.8000, -16.9000,  0, 0, 0
L -1140.3998, -822.8000, -16.9000,  -1141.1000, -766.0000, -16.7000,  0, 0, 0
L -1141.1000, -766.0000, -16.7000,  -1180.3998, -726.3000, -16.9000,  0, 0, 0
L -1180.3998, -726.3000, -16.9000,  -1183.0000, -725.0000, -16.9000,  0, 0, 0
L -1183.0000, -725.0000, -16.9000,  -1239.8998, -724.9000, -16.9000,  0, 0, 0
L -1239.8998, -724.9000, -16.9000,  -1239.7997, -782.5000, -16.5000,  0, 0, 0
L -1239.7997, -782.5000, -16.5000,  -1295.1000, -782.5000, -16.9000,  0, 0, 0
L -1295.1000, -782.5000, -16.9000,  -1294.6000, -725.4000, -16.9000,  0, 0, 0
L -1294.6000, -725.4000, -16.9000,  -1354.2997, -725.1000, -16.9000,  0, 0, 0
L -1354.2997, -725.1000, -16.9000,  -1353.7997, -782.5000, -16.9000,  0, 0, 0
L -1353.7997, -782.5000, -16.9000,  -1408.8998, -782.4000, -16.9000,  0, 0, 0
L -1408.8998, -782.4000, -16.9000,  -1409.2000, -725.8000, -16.9000,  0, 0, 0
L -1409.2000, -725.8000, -16.9000,  -1399.3998, -725.8000, -16.9000,  0, 0, 0
L -1399.3998, -725.8000, -16.9000,  -1399.3998, -721.1000, -16.9000,  0, 0, 0
L -1399.3998, -721.1000, -16.9000,  -1393.2997, -721.3000, -16.9000,  0, 0, 0
L -1393.2997, -721.3000, -16.9000,  -1392.8998, -716.6000, -16.9000,  0, 0, 0
L -1392.8998, -716.6000, -16.9000,  -1387.6000, -716.8000, -16.9000,  0, 0, 0
L -1387.6000, -716.8000, -16.9000,  -1387.6000, -703.3000, -17.0000,  0, 0, 0
L -1387.6000, -703.3000, -17.0000,  -1391.1000, -702.6000, -15.9000,  0, 0, 0
L -1391.1000, -702.6000, -15.9000,  -1416.6000, -702.5000, -16.1000,  0, 0, 0
L -1416.6000, -702.5000, -16.1000,  -1416.6000, -693.2000, -16.1000,  0, 0, 0
L -1119.0000, -692.4000, -16.7000,  -1114.7997, -690.9000, -16.7000,  0, 0, 0
L -1114.7997, -690.9000, -16.7000,  -1110.3998, -692.0000, -16.9000,  0, 0, 0
L -1110.3998, -692.0000, -16.9000,  -1107.7000, -695.8000, -17.0000,  0, 0, 0
L -1107.7000, -695.8000, -17.0000,  -1107.7997, -699.8000, -16.9000,  0, 0, 0
L -1107.7997, -699.8000, -16.9000,  -1110.3998, -703.6000, -16.9000,  0, 0, 0
L -1110.3998, -703.6000, -16.9000,  -1114.2997, -705.0000, -16.9000,  0, 0, 0
L -1114.2997, -705.0000, -16.9000,  -1119.2997, -703.5000, -16.8000,  0, 0, 0
L -1040.2997, -690.7000, -16.3000,  -1035.7997, -687.0000, -17.1000,  0, 0, 0
L -1035.7997, -687.0000, -17.1000,  -1029.7997, -685.7000, -16.5000,  0, 0, 0
L -1029.7997, -685.7000, -16.5000,  -1014.6000, -685.7000, -16.3000,  0, 0, 0
L -1014.6000, -685.7000, -16.3000,  -1002.8000, -685.7000, -10.7000,  0, 0, 0
L -1002.8000, -685.7000, -10.7000,  -998.2000, -684.4000, -10.4000,  0, 0, 0
L -998.2000, -684.4000, -10.4000,  -998.3000, -671.9000, -10.6000,  0, 0, 0
L -998.3000, -671.9000, -10.6000,  -998.3000, -668.8000, -10.6000,  0, 0, 0
L -998.3000, -668.8000, -10.6000,  -998.3000, -656.8000, -10.6000,  0, 0, 0
L -998.3000, -656.8000, -10.6000,  -998.3000, -653.6000, -10.4000,  0, 0, 0
L -998.3000, -653.6000, -10.4000,  -998.3000, -641.6000, -4.7000,  0, 0, 0
L -998.3000, -641.6000, -4.7000,  -999.1000, -637.5000, -4.2000,  0, 0, 0
L -999.1000, -637.5000, -4.2000,  -999.0000, -613.4000, -4.2000,  0, 0, 0
L -999.0000, -613.4000, -4.2000,  -998.6000, -612.9000, -4.2000,  0, 0, 0
L -998.6000, -612.9000, -4.2000,  -974.5000, -612.9000, -4.2000,  0, 0, 0
L -974.5000, -612.9000, -4.2000,  -960.9000, -613.8000, -4.6000,  0, 0, 0
L -960.9000, -613.8000, -4.6000,  -955.4000, -613.8000, -4.6000,  0, 0, 0
L -955.4000, -613.8000, -4.6000,  -951.8000, -615.1000, -5.4000,  0, 0, 0
L -951.8000, -615.1000, -5.4000,  -948.2000, -617.9000, -4.7000,  0, 0, 0
L -948.2000, -617.9000, -4.7000,  -945.2000, -619.4000, -3.3000,  0, 0, 0
L -945.2000, -619.4000, -3.3000,  -941.4000, -618.6000, -4.4000,  0, 0, 0
L -941.4000, -618.6000, -4.4000,  -940.5000, -617.6000, -4.9000,  0, 0, 0
L -940.5000, -617.6000, -4.9000,  -940.4000, -611.3000, -5.0000,  0, 0, 0
L -940.4000, -611.3000, -5.0000,  -945.8000, -611.2000, 0.3000,  0, 0, 0
L -945.8000, -611.2000, 0.3000,  -945.8000, -605.6000, -4.5000,  0, 0, 0
L -945.8000, -605.6000, -4.5000,  -943.2000, -605.7000, -4.5000,  0, 0, 0
L -943.2000, -605.7000, -4.5000,  -940.2000, -603.4000, -5.0000,  0, 0, 0
L -940.2000, -603.4000, -5.0000,  -940.2000, -599.3000, -4.7000,  0, 0, 0
L -940.2000, -599.3000, -4.7000,  -944.7000, -597.2000, -4.5000,  0, 0, 0
L -944.7000, -597.2000, -4.5000,  -911.2000, -563.7000, -4.5000,  0, 0, 0
L -911.2000, -563.7000, -4.5000,  -909.2000, -565.7000, -4.5000,  0, 0, 0
L -909.2000, -565.7000, -4.5000,  -905.7000, -566.2000, -4.9000,  0, 0, 0
L -905.7000, -566.2000, -4.9000,  -902.9000, -563.3000, -4.8000,  0, 0, 0
L -902.9000, -563.3000, -4.8000,  -904.4000, -558.5000, -4.5000,  0, 0, 0
L -904.4000, -558.5000, -4.5000,  -857.0000, -558.5000, -4.5000,  0, 0, 0
L -857.0000, -558.5000, -4.5000,  -857.0000, -561.4000, -4.5000,  0, 0, 0
L -857.0000, -561.4000, -4.5000,  -854.8000, -564.2000, -4.5000,  0, 0, 0
L -854.8000, -564.2000, -4.5000,  -850.2000, -564.5000, -4.5000,  0, 0, 0
L -850.2000, -564.5000, -4.5000,  -850.0000, -570.8000, -0.1000,  0, 0, 0
L -850.0000, -570.8000, -0.1000,  -852.8000, -570.9000, -0.1000,  0, 0, 0
L -852.8000, -570.9000, -0.1000,  -855.4000, -571.7000, -5.6000,  0, 0, 0
L -855.4000, -571.7000, -5.6000,  -855.3000, -577.4000, -5.5000,  0, 0, 0
L -855.3000, -577.4000, -5.5000,  -853.3000, -578.6000, -4.2000,  0, 0, 0
L -853.3000, -578.6000, -4.2000,  -847.4000, -579.2000, -5.0000,  0, 0, 0
L -847.4000, -579.2000, -5.0000,  -843.8000, -577.4000, -4.5000,  0, 0, 0
L -843.8000, -577.4000, -4.5000,  -842.6000, -577.8000, -4.5000,  0, 0, 0
L -842.6000, -577.8000, -4.5000,  -840.3000, -575.8000, -4.6000,  0, 0, 0
L -840.3000, -575.8000, -4.6000,  -837.6000, -575.6000, -4.7000,  0, 0, 0
L -837.6000, -575.6000, -4.7000,  -825.6000, -575.6000, -10.4000,  0, 0, 0
L -825.6000, -575.6000, -10.4000,  -822.5000, -575.6000, -10.6000,  0, 0, 0
L -822.5000, -575.6000, -10.6000,  -820.6000, -575.6000, -10.6000,  0, 0, 0
L -820.6000, -575.6000, -10.6000,  -818.2000, -578.7000, -10.6000,  0, 0, 0
L -818.2000, -578.7000, -10.6000,  -814.3000, -578.7000, -10.6000,  0, 0, 0
L -814.3000, -578.7000, -10.6000,  -812.3000, -575.6000, -10.6000,  0, 0, 0
L -812.3000, -575.6000, -10.6000,  -810.4000, -575.6000, -10.6000,  0, 0, 0
L -810.4000, -575.6000, -10.6000,  -807.3000, -575.6000, -10.7000,  0, 0, 0
L -807.3000, -575.6000, -10.7000,  -795.3000, -575.6000, -16.3000,  0, 0, 0
L -795.3000, -575.6000, -16.3000,  -792.1000, -575.5000, -16.2000,  0, 0, 0
L -792.1000, -575.5000, -16.2000,  -790.9000, -574.3000, -16.3000,  0, 0, 0
L -790.9000, -574.3000, -16.3000,  -790.7000, -570.5000, -15.5000,  0, 0, 0
L -790.7000, -570.5000, -15.5000,  -787.4000, -570.6000, -15.6000,  0, 0, 0
L -787.4000, -570.6000, -15.6000,  -787.3000, -564.8000, -15.7000,  0, 0, 0
L -787.3000, -564.8000, -15.7000,  -790.7000, -565.0000, -15.5000,  0, 0, 0
L -790.7000, -565.0000, -15.5000,  -790.9000, -556.8000, -16.5000,  0, 0, 0
L -790.9000, -556.8000, -16.5000,  -787.7000, -554.7000, -16.6000,  0, 0, 0
L -787.7000, -554.7000, -16.6000,  -787.8000, -549.7000, -16.5000,  0, 0, 0
L -787.8000, -549.7000, -16.5000,  -790.9000, -548.4000, -16.5000,  0, 0, 0
L -790.9000, -548.4000, -16.5000,  -790.9000, -546.6000, -16.5000,  0, 0, 0
L -790.9000, -546.6000, -16.5000,  -790.8000, -543.6000, -16.5000,  0, 0, 0
L -790.8000, -543.6000, -16.5000,  -788.0000, -535.0000, -16.1000,  0, 0, 0
L -788.0000, -535.0000, -16.1000,  -791.4000, -529.6000, -17.6000,  0, 0, 0
L -791.4000, -529.6000, -17.6000,  -793.4000, -528.8000, -17.6000,  0, 0, 0
L -793.4000, -528.8000, -17.6000,  -799.7000, -529.7000, -18.2000,  0, 0, 0
L -799.7000, -529.7000, -18.2000,  -800.3000, -524.8000, -17.9000,  0, 0, 0
L -800.3000, -524.8000, -17.9000,  -807.8000, -525.1000, -17.9000,  0, 0, 0
L -807.8000, -525.1000, -17.9000,  -808.5000, -530.1000, -18.0000,  0, 0, 0
L -808.5000, -530.1000, -18.0000,  -810.7000, -529.9000, -18.1000,  0, 0, 0
L -810.7000, -529.9000, -18.1000,  -812.5000, -528.9000, -18.1000,  0, 0, 0
L -812.5000, -528.9000, -18.1000,  -817.5000, -529.0000, -18.0000,  0, 0, 0
L -817.5000, -529.0000, -18.0000,  -817.5000, -466.0000, -18.2000,  0, 0, 0
L -817.5000, -466.0000, -18.2000,  -816.1000, -464.4000, -18.2000,  0, 0, 0
L -816.1000, -464.4000, -18.2000,  -816.6000, -459.3000, -18.0000,  0, 0, 0
L -816.6000, -459.3000, -18.0000,  -744.6000, -459.1000, -18.0000,  0, 0, 0
L -744.6000, -459.1000, -18.0000,  -742.9000, -456.6000, -9.3000,  0, 0, 0
L -742.9000, -456.6000, -9.3000,  -738.2000, -456.8000, -8.8000,  0, 0, 0
L -738.2000, -456.8000, -8.8000,  -736.4000, -459.5000, -18.0000,  0, 0, 0
L -736.4000, -459.5000, -18.0000,  -730.6000, -459.1000, -17.9000,  0, 0, 0
L -730.6000, -459.1000, -17.9000,  -728.0000, -459.1000, -17.9000,  0, 0, 0
L -728.0000, -459.1000, -17.9000,  -724.9000, -455.3000, -16.7000,  0, 0, 0
L -724.9000, -455.3000, -16.7000,  -725.7000, -453.3000, -17.0000,  0, 0, 0
L -725.7000, -453.3000, -17.0000,  -727.6000, -444.8000, -16.1000,  0, 0, 0
L -727.6000, -444.8000, -16.1000,  -727.4000, -442.5000, -16.5000,  0, 0, 0
L -727.4000, -442.5000, -16.5000,  -727.4000, -430.5000, -16.5000,  0, 0, 0
L -727.4000, -430.5000, -16.5000,  -727.3000, -427.5000, -16.4000,  0, 0, 0
L -727.3000, -427.5000, -16.4000,  -727.4000, -415.3000, -10.7000,  0, 0, 0
L -727.4000, -415.3000, -10.7000,  -728.2000, -411.2000, -10.1000,  0, 0, 0
L -728.2000, -411.2000, -10.1000,  -728.2000, -387.1000, -10.1000,  0, 0, 0
L -728.2000, -387.1000, -10.1000,  -727.7000, -386.7000, -10.2000,  0, 0, 0
L -727.7000, -386.7000, -10.2000,  -703.6000, -386.7000, -10.2000,  0, 0, 0
L -703.6000, -386.7000, -10.2000,  -702.4000, -387.6000, -10.5000,  0, 0, 0
L -702.4000, -387.6000, -10.5000,  -687.0000, -387.5000, -10.6000,  0, 0, 0
L -687.0000, -387.5000, -10.6000,  -683.0000, -391.3000, -11.1000,  0, 0, 0
L -683.0000, -391.3000, -11.1000,  -679.4000, -395.6000, -10.5000,  0, 0, 0
L -679.4000, -395.6000, -10.5000,  -677.6000, -395.6000, -11.0000,  0, 0, 0
L -677.6000, -395.6000, -11.0000,  -673.4000, -389.6000, -11.1000,  0, 0, 0
L -673.4000, -389.6000, -11.1000,  -671.0000, -388.3000, -11.0000,  0, 0, 0
L -671.0000, -388.3000, -11.0000,  -668.4000, -386.7000, -11.2000,  0, 0, 0
L -300.8000, -387.0000, -10.0000,  -299.1000, -387.2000, -10.7000,  0, 0, 0
L -299.1000, -387.2000, -10.7000,  -298.0000, -386.2000, -11.0000,  0, 0, 0
L -298.0000, -386.2000, -11.0000,  -295.7000, -381.5000, -10.2000,  0, 0, 0
L -295.7000, -381.5000, -10.2000,  -292.1000, -379.4000, -10.6000,  0, 0, 0
L -292.1000, -379.4000, -10.6000,  -289.0000, -379.3000, -10.7000,  0, 0, 0
L -289.0000, -379.3000, -10.7000,  -277.0000, -379.3000, -16.4000,  0, 0, 0
L -277.0000, -379.3000, -16.4000,  -270.4000, -378.5000, -16.1000,  0, 0, 0
L -270.4000, -378.5000, -16.1000,  -269.4000, -377.0000, -16.1000,  0, 0, 0
L -269.4000, -377.0000, -16.1000,  -269.4000, -375.5000, -16.2000,  0, 0, 0
L -269.4000, -375.5000, -16.2000,  -269.9000, -374.8000, -16.5000,  0, 0, 0
L -269.9000, -374.8000, -16.5000,  -269.7000, -371.6000, -15.5000,  0, 0, 0
L -269.7000, -371.6000, -15.5000,  -265.6000, -371.8000, -15.7000,  0, 0, 0
L -265.6000, -371.8000, -15.7000,  -266.3000, -365.8000, -16.0000,  0, 0, 0
L -266.3000, -365.8000, -16.0000,  -269.7000, -366.1000, -15.5000,  0, 0, 0
L -269.7000, -366.1000, -15.5000,  -269.8000, -329.7000, -16.5000,  0, 0, 0
L -269.8000, -329.7000, -16.5000,  -267.6000, -327.3000, -17.1000,  0, 0, 0
L -267.6000, -327.3000, -17.1000,  -267.8000, -322.8000, -16.2000,  0, 0, 0
L -267.8000, -322.8000, -16.2000,  -266.5000, -317.8000, -16.0000,  0, 0, 0
L -266.5000, -317.8000, -16.0000,  -268.8000, -315.0000, -16.3000,  0, 0, 0
L -268.8000, -315.0000, -16.3000,  -282.5000, -315.7000, -16.2000,  0, 0, 0
L -282.5000, -315.7000, -16.2000,  -282.3000, -313.7000, -16.2000,  0, 0, 0
L -282.3000, -313.7000, -16.2000,  -282.4000, -265.5000, -15.9000,  0, 0, 0
L -282.4000, -265.5000, -15.9000,  -284.9000, -264.7000, -16.1000,  0, 0, 0
L -284.9000, -264.7000, -16.1000,  -332.4000, -264.8000, -16.2000,  0, 0, 0
L -299.5000, -213.5000, -22.5000,  -181.5000, -95.2000, -22.4000,  150, 150, 150
L -181.5000, -95.2000, -22.4000,  -182.4000, -144.0000, -22.6000,  150, 150, 150
L -182.4000, -144.0000, -22.6000,  -193.6000, -138.1000, -22.6000,  150, 150, 150
L -193.6000, -138.1000, -22.6000,  -192.9000, -165.4000, -22.0000,  150, 150, 150
L -192.9000, -165.4000, -22.0000,  -182.4000, -160.9000, -22.5000,  150, 150, 150
L -182.4000, -160.9000, -22.5000,  -181.5000, -187.5000, -22.0000,  150, 150, 150
L -181.5000, -187.5000, -22.0000,  -204.3000, -213.0000, -23.0000,  150, 150, 150
L -204.3000, -213.0000, -23.0000,  -230.2000, -212.7000, -22.5000,  150, 150, 150
L -230.2000, -212.7000, -22.5000,  -224.8000, -201.1000, -22.4000,  150, 150, 150
L -224.8000, -201.1000, -22.4000,  -251.9000, -201.6000, -22.5000,  150, 150, 150
L -251.9000, -201.6000, -22.5000,  -247.3000, -212.4000, -22.6000,  150, 150, 150
L -247.3000, -212.4000, -22.6000,  -299.3000, -213.5000, -22.6000,  150, 150, 150
L -94.6000, 24.8000, -12.4000,  -59.6000, 22.6000, -13.2000,  150, 150, 150
L -59.6000, 22.6000, -13.2000,  -58.8000, 2.7000, -9.9000,  150, 150, 150
L -40.4000, 3.2000, -9.7000,  -39.4000, 42.3000, -11.7000,  150, 150, 150
L -39.4000, 42.3000, -11.7000,  -23.3000, 43.0000, -13.1000,  150, 150, 150
L -23.3000, 43.0000, -13.1000,  -11.6000, 41.4000, -12.9000,  150, 150, 150
L -11.6000, 41.4000, -12.9000,  8.1000, 42.7000, -11.8000,  150, 150, 150
L 8.1000, 42.7000, -11.8000,  34.9000, 41.7000, -11.6000,  150, 150, 150
L 34.9000, 41.7000, -11.6000,  35.9000, 25.0000, -13.1000,  150, 150, 150
L 35.9000, 25.0000, -13.1000,  34.4000, 0.3000, -10.5000,  150, 150, 150
L 55.8000, 2.3000, -9.6000,  56.1000, 22.6000, -12.1000,  150, 150, 150
L 56.1000, 22.6000, -12.1000,  90.2000, 24.6000, -12.4000,  150, 150, 150
L 90.2000, 35.0000, -12.4000,  56.1000, 33.9000, -12.4000,  150, 150, 150
L 56.1000, 33.9000, -12.4000,  56.5000, 52.6000, -13.1000,  150, 150, 150
L 56.5000, 52.6000, -13.1000,  43.7000, 63.6000, -13.2000,  150, 150, 150
L 43.7000, 63.6000, -13.2000,  29.5000, 64.1000, -12.6000,  150, 150, 150
L 29.5000, 64.1000, -12.6000,  -22.4000, 64.0000, -12.4000,  150, 150, 150
L -22.4000, 64.0000, -12.4000,  -48.4000, 64.4000, -12.3000,  150, 150, 150
L -48.4000, 64.4000, -12.3000,  -60.0000, 51.8000, -11.9000,  150, 150, 150
L -60.0000, 51.8000, -11.9000,  -60.5000, 34.5000, -13.0000,  150, 150, 150
L -60.5000, 34.5000, -13.0000,  -94.6000, 35.0000, -12.4000,  150, 150, 150
L -231.1000, -315.7000, -16.2000,  -249.0000, -315.6000, -16.2000,  0, 0, 0
L -249.0000, -315.6000, -16.2000,  -248.7000, -319.8000, -16.1000,  0, 0, 0
L -248.7000, -319.8000, -16.1000,  -248.2000, -328.1000, -16.7000,  0, 0, 0
L -248.2000, -328.1000, -16.7000,  -246.6000, -329.2000, -16.5000,  0, 0, 0
L -246.6000, -329.2000, -16.5000,  -246.5000, -332.5000, -16.5000,  0, 0, 0
L -246.5000, -332.5000, -16.5000,  -246.5000, -344.6000, -16.5000,  0, 0, 0
L -246.5000, -344.6000, -16.5000,  -246.5000, -347.7000, -16.5000,  0, 0, 0
L -246.5000, -347.7000, -16.5000,  -246.5000, -359.7000, -16.5000,  0, 0, 0
L -246.5000, -359.7000, -16.5000,  -246.5000, -362.8000, -16.5000,  0, 0, 0
L -246.5000, -362.8000, -16.5000,  -246.6000, -366.1000, -15.5000,  0, 0, 0
L -246.6000, -366.1000, -15.5000,  -249.6000, -366.0000, -15.5000,  0, 0, 0
L -249.6000, -366.0000, -15.5000,  -249.4000, -371.7000, -15.5000,  0, 0, 0
L -249.4000, -371.7000, -15.5000,  -246.6000, -371.6000, -15.5000,  0, 0, 0
L -246.6000, -371.6000, -15.5000,  -246.5000, -374.8000, -16.5000,  0, 0, 0
L -246.5000, -374.8000, -16.5000,  -246.9000, -375.5000, -16.2000,  0, 0, 0
L -246.9000, -375.5000, -16.2000,  -246.9000, -377.1000, -16.2000,  0, 0, 0
L -246.9000, -377.1000, -16.2000,  -244.4000, -379.9000, -16.2000,  0, 0, 0
L -244.4000, -379.9000, -16.2000,  -240.0000, -379.7000, -16.3000,  0, 0, 0
L -240.0000, -379.7000, -16.3000,  -239.4000, -379.3000, -16.6000,  0, 0, 0
L -239.4000, -379.3000, -16.6000,  -227.4000, -379.3000, -22.3000,  0, 0, 0
L -227.4000, -379.3000, -22.3000,  -224.5000, -379.5000, -22.4000,  0, 0, 0
L -224.5000, -379.5000, -22.4000,  -222.9000, -381.0000, -22.4000,  0, 0, 0
L -222.9000, -381.0000, -22.4000,  -216.8000, -381.5000, -22.5000,  0, 0, 0
L -216.8000, -381.5000, -22.5000,  -213.0000, -380.3000, -23.0000,  0, 0, 0
L -213.0000, -380.3000, -23.0000,  -211.5000, -377.9000, -29.8000,  0, 0, 0
L -211.5000, -377.9000, -29.8000,  -211.3000, -371.1000, -29.8000,  0, 0, 0
L -211.3000, -371.1000, -29.8000,  -206.6000, -370.2000, -29.7000,  0, 0, 0
L -206.6000, -370.2000, -29.7000,  -206.1000, -362.4000, -29.9000,  0, 0, 0
L -206.1000, -362.4000, -29.9000,  -211.4000, -361.2000, -29.8000,  0, 0, 0
L -211.4000, -361.2000, -29.8000,  -211.4000, -359.8000, -29.8000,  0, 0, 0
L -211.4000, -359.8000, -29.8000,  -210.2000, -358.8000, -29.8000,  0, 0, 0
L -210.2000, -358.8000, -29.8000,  -209.4000, -359.8000, -29.8000,  0, 0, 0
L -209.4000, -359.8000, -29.8000,  -204.6000, -359.4000, -29.9000,  0, 0, 0
L -204.6000, -359.4000, -29.9000,  -139.8000, -358.6000, -29.8000,  0, 0, 0
L -139.8000, -358.6000, -29.8000,  -136.4000, -355.9000, -29.8000,  0, 0, 0
L -136.4000, -355.9000, -29.8000,  -136.2000, -350.7000, -29.9000,  0, 0, 0
L -136.2000, -350.7000, -29.9000,  -137.3000, -349.9000, -29.9000,  0, 0, 0
L -137.3000, -349.9000, -29.9000,  -137.4000, -287.1000, -29.8000,  0, 0, 0
L -137.4000, -287.1000, -29.8000,  -136.1000, -286.1000, -29.8000,  0, 0, 0
L -136.1000, -286.1000, -29.8000,  -134.8000, -286.8000, -29.9000,  0, 0, 0
L -134.8000, -286.8000, -29.9000,  -130.6000, -287.1000, -29.9000,  0, 0, 0
L -130.6000, -287.1000, -29.9000,  -129.7000, -286.0000, -29.9000,  0, 0, 0
L -129.7000, -286.0000, -29.9000,  -127.9000, -286.7000, -29.8000,  0, 0, 0
L -127.9000, -286.7000, -29.8000,  -127.4000, -290.8000, -29.8000,  0, 0, 0
L -127.4000, -290.8000, -29.8000,  -118.6000, -289.2000, -29.8000,  0, 0, 0
L -118.6000, -289.2000, -29.8000,  -118.5000, -286.1000, -29.8000,  0, 0, 0
L -118.5000, -286.1000, -29.8000,  -110.5000, -285.9000, -29.8000,  0, 0, 0
L -110.5000, -285.9000, -29.8000,  -108.8000, -284.8000, -22.8000,  0, 0, 0
L -108.8000, -284.8000, -22.8000,  -107.7000, -283.2000, -22.0000,  0, 0, 0
L -107.7000, -283.2000, -22.0000,  -109.0000, -277.0000, -22.0000,  0, 0, 0
L -88.2000, -274.1000, -22.6000,  -89.0000, -280.5000, -22.5000,  0, 0, 0
L -89.0000, -280.5000, -22.5000,  -87.7000, -284.2000, -23.1000,  0, 0, 0
L -87.7000, -284.2000, -23.1000,  -86.2000, -286.1000, -29.8000,  0, 0, 0
L -86.2000, -286.1000, -29.8000,  -78.2000, -286.2000, -29.8000,  0, 0, 0
L -78.2000, -286.2000, -29.8000,  -77.5000, -290.4000, -29.4000,  0, 0, 0
L -77.5000, -290.4000, -29.4000,  -69.0000, -290.6000, -29.8000,  0, 0, 0
L -69.0000, -290.6000, -29.8000,  -68.4000, -285.8000, -29.8000,  0, 0, 0
L -68.4000, -285.8000, -29.8000,  -66.9000, -285.9000, -29.8000,  0, 0, 0
L -66.9000, -285.9000, -29.8000,  -65.9000, -287.1000, -29.8000,  0, 0, 0
L -65.9000, -287.1000, -29.8000,  -67.0000, -288.3000, -29.8000,  0, 0, 0
L -67.0000, -288.3000, -29.8000,  -66.8000, -292.5000, -29.8000,  0, 0, 0
L -66.8000, -292.5000, -29.8000,  -65.8000, -293.5000, -29.9000,  0, 0, 0
L -65.8000, -293.5000, -29.9000,  -66.6000, -295.4000, -29.8000,  0, 0, 0
L -66.6000, -295.4000, -29.8000,  -71.0000, -295.7000, -29.7000,  0, 0, 0
L -71.0000, -295.7000, -29.7000,  -69.7000, -304.8000, -29.7000,  0, 0, 0
L -69.7000, -304.8000, -29.7000,  -65.7000, -304.7000, -29.7000,  0, 0, 0
L -65.7000, -304.7000, -29.7000,  -65.8000, -345.0000, -29.8000,  0, 0, 0
L -65.8000, -345.0000, -29.8000,  -70.6000, -345.5000, -29.8000,  0, 0, 0
L -70.6000, -345.5000, -29.8000,  -70.8000, -351.8000, -29.8000,  0, 0, 0
L -70.8000, -351.8000, -29.8000,  -67.6000, -354.6000, -29.8000,  0, 0, 0
L -67.6000, -354.6000, -29.8000,  -65.6000, -354.8000, -29.8000,  0, 0, 0
L -65.6000, -354.8000, -29.8000,  -65.6000, -357.2000, -29.8000,  0, 0, 0
L -65.6000, -357.2000, -29.8000,  -62.8000, -361.0000, -29.9000,  0, 0, 0
L -62.8000, -361.0000, -29.9000,  -58.4000, -361.0000, -30.0000,  0, 0, 0
L -58.4000, -361.0000, -30.0000,  -57.1000, -360.0000, -29.9000,  0, 0, 0
L -57.1000, -360.0000, -29.9000,  -55.3000, -360.5000, -29.9000,  0, 0, 0
L -55.3000, -360.5000, -29.9000,  -54.8000, -365.3000, -30.0000,  0, 0, 0
L -54.8000, -365.3000, -30.0000,  -45.4000, -365.3000, -29.9000,  0, 0, 0
L -45.4000, -365.3000, -29.9000,  -45.8000, -359.9000, -29.8000,  0, 0, 0
L -45.8000, -359.9000, -29.8000,  -5.5000, -360.4000, -29.7000,  0, 0, 0
L -5.5000, -360.4000, -29.7000,  -5.0000, -364.8000, -29.6000,  0, 0, 0
L -5.0000, -364.8000, -29.6000,  3.2000, -365.3000, -29.8000,  0, 0, 0
L 3.2000, -365.3000, -29.8000,  4.3000, -359.8000, -29.8000,  0, 0, 0
L 4.3000, -359.8000, -29.8000,  6.7000, -361.1000, -29.8000,  0, 0, 0
L 6.7000, -361.1000, -29.8000,  6.0000, -363.0000, -29.9000,  0, 0, 0
L 6.0000, -363.0000, -29.9000,  6.0000, -366.7000, -30.0000,  0, 0, 0
L 6.0000, -366.7000, -30.0000,  6.9000, -367.5000, -29.9000,  0, 0, 0
L 6.9000, -367.5000, -29.9000,  6.1000, -369.4000, -29.8000,  0, 0, 0
L 6.1000, -369.4000, -29.8000,  1.8000, -369.6000, -29.7000,  0, 0, 0
L 1.8000, -369.6000, -29.7000,  2.9000, -378.5000, -29.7000,  0, 0, 0
L 2.9000, -378.5000, -29.7000,  6.7000, -378.8000, -29.8000,  0, 0, 0
L 6.7000, -378.8000, -29.8000,  7.0000, -386.6000, -29.7000,  0, 0, 0
L 7.0000, -386.6000, -29.7000,  8.2000, -388.7000, -22.7000,  0, 0, 0
L 8.2000, -388.7000, -22.7000,  10.3000, -390.1000, -21.9000,  0, 0, 0
L 6.3000, -408.0000, -29.7000,  1.1000, -410.0000, -29.7000,  150, 150, 150
L -4.2000, -411.9000, -29.8000,  -4.7000, -385.1000, -29.7000,  150, 150, 150
L -4.7000, -385.1000, -29.7000,  1.2000, -387.9000, -29.7000,  150, 150, 150
L -211.2000, -382.3000, -29.8000,  -205.7000, -380.1000, -29.7000,  150, 150, 150
L -200.1000, -377.8000, -29.7000,  -200.5000, -404.8000, -29.8000,  150, 150, 150
L -200.5000, -404.8000, -29.8000,  -206.0000, -402.1000, -29.8000,  150, 150, 150
L -107.2000, -287.1000, -29.7000,  -109.7000, -292.2000, -29.7000,  150, 150, 150
L -112.1000, -297.3000, -29.7000,  -84.2000, -296.7000, -29.6000,  150, 150, 150
L -84.2000, -296.7000, -29.6000,  -86.6000, -291.9000, -29.6000,  150, 150, 150
L -97.8000, -504.3000, -29.7000,  -95.3000, -498.8000, -29.6000,  150, 150, 150
L -92.7000, -493.4000, -29.6000,  -120.2000, -493.7000, -29.6000,  150, 150, 150
L -120.2000, -493.7000, -29.6000,  -117.6000, -498.8000, -29.7000,  150, 150, 150
L -124.7000, -614.4000, -16.4000,  -129.6000, -617.9000, -17.6000,  150, 150, 150
L -129.6000, -617.9000, -17.6000,  -171.4000, -621.3000, -17.5000,  150, 150, 150
L -171.4000, -621.3000, -17.5000,  -199.5000, -657.9000, -17.8000,  150, 150, 150
L -199.5000, -657.9000, -17.8000,  -202.3000, -669.3000, -17.0000,  150, 150, 150
L -223.3000, -676.4000, -17.8000,  -243.2000, -676.5000, -16.4000,  0, 0, 0
L -223.3000, -676.4000, -17.8000,  -223.2000, -670.0000, -17.8000,  0, 0, 0
L -223.2000, -670.0000, -17.8000,  -202.0000, -670.0000, -16.2000,  199, 21, 133
L -202.0000, -670.0000, -16.2000,  -202.0000, -675.2000, -13.3000,  0, 0, 0
L -202.0000, -675.2000, -13.3000,  -182.0000, -676.6000, 12.6000,  0, 0, 0
L -182.0000, -676.6000, 12.6000,  -167.9000, -667.0000, 12.6000,  0, 0, 0
L -167.9000, -667.0000, 12.6000,  -137.4000, -645.1000, 12.6000,  0, 0, 0
L -137.4000, -645.1000, 12.6000,  -113.7000, -626.1000, -3.9000,  0, 0, 0
L -113.7000, -626.1000, -3.9000,  -121.7000, -617.5000, -14.7000,  0, 0, 0
L -121.7000, -617.5000, -14.7000,  -147.3000, -591.7000, -16.4000,  0, 0, 0
L -11.9000, -275.1000, -31.2000,  52.9000, -319.9000, -37.4000,  150, 150, 150
L 52.9000, -319.9000, -37.4000,  117.0000, -275.7000, -31.3000,  150, 150, 150
L -665.6000, -374.5000, -11.2000,  -665.4000, -378.4000, -11.2000,  0, 0, 0
L -665.4000, -380.8000, -12.5000,  -668.4000, -386.7000, -11.2000,  0, 0, 0
L -654.6000, -356.6000, -11.2000,  -656.8000, -356.7000, -11.2000,  0, 0, 0
L -659.7000, -354.4000, -11.2000,  -662.5000, -356.5000, -11.2000,  0, 0, 0
L -600.5000, -303.8000, -11.2000,  -601.1000, -300.4000, -11.2000,  0, 0, 0
L -665.4000, -378.4000, -11.2000,  -665.4000, -380.8000, -12.5000,  0, 0, 0
L -464.8000, -300.1000, -11.2000,  -466.1000, -298.4000, -11.2000,  0, 0, 0
L -457.2000, -299.7000, -11.2000,  -464.8000, -300.1000, -11.2000,  0, 0, 0
L -450.6000, -298.0000, -11.2000,  -451.0000, -294.6000, -11.2000,  0, 0, 0
L -660.5000, -372.4000, -11.2000,  -662.2000, -374.3000, -11.2000,  0, 0, 0
L -601.1000, -300.4000, -11.2000,  -604.4000, -300.1000, -11.2000,  0, 0, 0
L -530.7000, -300.9000, -11.2000,  -532.1000, -302.7000, -11.2000,  0, 0, 0
L -541.1000, -301.5000, -11.2000,  -541.3000, -297.9000, -11.2000,  0, 0, 0
L -530.8000, -297.6000, -11.2000,  -530.7000, -300.9000, -11.2000,  0, 0, 0
L -330.0000, -341.3000, -11.2000,  -327.4000, -338.3000, -11.2000,  0, 0, 0
L -316.8000, -373.6000, -12.5000,  -316.8000, -371.5000, -11.2000,  0, 0, 0
L -380.8000, -295.2000, -11.2000,  -382.2000, -296.8000, -11.2000,  0, 0, 0
L -609.5000, -307.4000, -11.2000,  -614.5000, -312.9000, -11.2000,  0, 0, 0
L -441.8000, -299.5000, -11.2000,  -448.7000, -299.7000, -11.2000,  0, 0, 0
L -373.4000, -303.2000, -11.2000,  -373.3000, -300.6000, -11.2000,  0, 0, 0
L -365.8000, -307.8000, -11.2000,  -368.0000, -308.2000, -11.2000,  0, 0, 0
L -373.5000, -295.2000, -11.2000,  -379.4000, -291.3000, -11.2000,  0, 0, 0
L -322.2000, -366.2000, -11.2000,  -322.5000, -359.0000, -11.2000,  0, 0, 0
L -455.8000, -294.6000, -11.2000,  -455.7000, -297.9000, -11.2000,  0, 0, 0
L -604.4000, -300.1000, -11.2000,  -611.4000, -301.4000, -11.2000,  0, 0, 0
L -300.8000, -387.0000, -10.0000,  -304.0000, -387.0000, -10.1000,  0, 0, 0
L -440.2000, -298.1000, -11.2000,  -441.8000, -299.5000, -11.2000,  0, 0, 0
L -388.8000, -324.9000, -19.0000,  -597.4000, -333.0000, -19.0000,  150, 150, 150
L -322.5000, -359.0000, -11.2000,  -320.9000, -357.3000, -11.2000,  0, 0, 0
L -322.3000, -348.2000, -11.2000,  -324.3000, -348.1000, -11.2000,  0, 0, 0
L -313.8000, -378.3000, -11.2000,  -316.8000, -373.6000, -12.5000,  0, 0, 0
L -391.4000, -292.0000, -11.2000,  -440.4000, -294.4000, -11.2000,  0, 0, 0
L -598.9000, -305.6000, -11.2000,  -600.5000, -303.8000, -11.2000,  0, 0, 0
L -389.6000, -297.2000, -11.2000,  -391.2000, -295.9000, -11.2000,  0, 0, 0
L -614.5000, -312.9000, -11.2000,  -616.5000, -312.9000, -11.2000,  0, 0, 0
L -304.0000, -387.0000, -10.1000,  -308.5000, -383.7000, -10.3000,  0, 0, 0
L -373.3000, -300.6000, -11.2000,  -371.3000, -298.0000, -11.2000,  0, 0, 0
L -371.3000, -298.0000, -11.2000,  -373.5000, -295.2000, -11.2000,  0, 0, 0
L -379.4000, -291.3000, -11.2000,  -380.9000, -291.9000, -11.2000,  0, 0, 0
L -324.3000, -348.1000, -11.2000,  -329.4000, -343.5000, -11.2000,  0, 0, 0
L -591.9000, -305.3000, -11.2000,  -598.9000, -305.6000, -11.2000,  0, 0, 0
L -382.2000, -296.8000, -11.2000,  -389.6000, -297.2000, -11.2000,  0, 0, 0
L -649.5000, -351.1000, -11.2000,  -654.6000, -356.6000, -11.2000,  0, 0, 0
L -612.1000, -302.6000, -11.2000,  -609.4000, -305.3000, -11.2000,  0, 0, 0
L -619.4000, -310.5000, -11.2000,  -652.3000, -346.4000, -11.2000,  0, 0, 0
L -590.1000, -303.6000, -11.2000,  -591.9000, -305.3000, -11.2000,  0, 0, 0
L -662.5000, -356.5000, -11.2000,  -666.3000, -362.6000, -11.2000,  0, 0, 0
L -662.9000, -363.9000, -11.2000,  -660.9000, -365.2000, -11.2000,  0, 0, 0
L -649.9000, -348.8000, -11.2000,  -649.5000, -351.1000, -11.2000,  0, 0, 0
L -448.7000, -299.7000, -11.2000,  -450.6000, -298.0000, -11.2000,  0, 0, 0
L -525.9000, -297.5000, -11.2000,  -530.8000, -297.6000, -11.2000,  0, 0, 0
L -590.2000, -300.1000, -11.2000,  -590.1000, -303.6000, -11.2000,  0, 0, 0
L -391.2000, -295.9000, -11.2000,  -391.4000, -292.0000, -11.2000,  0, 0, 0
L -308.5000, -383.7000, -10.3000,  -313.8000, -378.3000, -11.2000,  0, 0, 0
L -317.0000, -353.3000, -11.2000,  -318.4000, -346.3000, -11.2000,  0, 0, 0
L -319.6000, -345.5000, -11.2000,  -322.3000, -348.2000, -11.2000,  0, 0, 0
L -455.7000, -297.9000, -11.2000,  -457.2000, -299.7000, -11.2000,  0, 0, 0
L -363.7000, -305.3000, -11.2000,  -365.8000, -307.8000, -11.2000,  0, 0, 0
L -329.4000, -343.5000, -11.2000,  -330.0000, -341.3000, -11.2000,  0, 0, 0
L -515.3000, -297.3000, -11.2000,  -515.1000, -301.3000, -11.2000,  0, 0, 0
L -321.1000, -367.6000, -11.2000,  -322.2000, -366.2000, -11.2000,  0, 0, 0
L -327.4000, -338.3000, -11.2000,  -363.7000, -305.3000, -11.2000,  0, 0, 0
L -611.4000, -301.4000, -11.2000,  -612.1000, -302.6000, -11.2000,  0, 0, 0
L -597.4000, -333.0000, -19.0000,  -665.3000, -381.2000, -12.8000,  150, 150, 150
L -318.4000, -346.3000, -11.2000,  -319.6000, -345.5000, -11.2000,  0, 0, 0
L -368.0000, -308.2000, -11.2000,  -373.4000, -303.2000, -11.2000,  0, 0, 0
L -316.8000, -371.5000, -11.2000,  -317.0000, -367.5000, -11.2000,  0, 0, 0
L -616.5000, -312.9000, -11.2000,  -619.4000, -310.5000, -11.2000,  0, 0, 0
L -317.0000, -367.5000, -11.2000,  -321.1000, -367.6000, -11.2000,  0, 0, 0
L -317.4000, -357.0000, -11.2000,  -317.0000, -353.3000, -11.2000,  0, 0, 0
L -320.9000, -357.3000, -11.2000,  -317.4000, -357.0000, -11.2000,  0, 0, 0
L -380.9000, -291.9000, -11.2000,  -380.8000, -295.2000, -11.2000,  0, 0, 0
L -388.8000, -325.0000, -19.0000,  -316.7000, -374.1000, -12.8000,  150, 150, 150
L -662.2000, -374.3000, -11.2000,  -665.6000, -374.5000, -11.2000,  0, 0, 0
L -517.0000, -302.4000, -11.2000,  -524.0000, -302.6000, -11.2000,  0, 0, 0
L -466.1000, -298.4000, -11.2000,  -466.4000, -295.0000, -11.2000,  0, 0, 0
L -440.4000, -294.4000, -11.2000,  -440.2000, -298.1000, -11.2000,  0, 0, 0
L -652.3000, -346.4000, -11.2000,  -649.9000, -348.8000, -11.2000,  0, 0, 0
L -524.0000, -302.6000, -11.2000,  -525.6000, -301.1000, -11.2000,  0, 0, 0
L -665.3000, -364.0000, -11.2000,  -662.9000, -363.9000, -11.2000,  0, 0, 0
L -466.4000, -295.0000, -11.2000,  -515.3000, -297.3000, -11.2000,  0, 0, 0
L -609.4000, -305.3000, -11.2000,  -609.5000, -307.4000, -11.2000,  0, 0, 0
L -515.1000, -301.3000, -11.2000,  -517.0000, -302.4000, -11.2000,  0, 0, 0
L -525.6000, -301.1000, -11.2000,  -525.9000, -297.5000, -11.2000,  0, 0, 0
L -656.8000, -356.7000, -11.2000,  -659.7000, -354.4000, -11.2000,  0, 0, 0
L -666.3000, -362.6000, -11.2000,  -665.3000, -364.0000, -11.2000,  0, 0, 0
L -451.0000, -294.6000, -11.2000,  -455.8000, -294.6000, -11.2000,  0, 0, 0
L -539.7000, -303.0000, -11.2000,  -541.1000, -301.5000, -11.2000,  0, 0, 0
L -660.9000, -365.2000, -11.2000,  -660.5000, -372.4000, -11.2000,  0, 0, 0
L -532.1000, -302.7000, -11.2000,  -539.7000, -303.0000, -11.2000,  0, 0, 0
L -541.3000, -297.9000, -11.2000,  -590.2000, -300.1000, -11.2000,  0, 0, 0
L -1387.6000, -678.9000, -16.9000,  -1387.6000, -692.4000, -17.0000,  0, 0, 0
L -1180.2997, -669.4000, -16.9000,  -1182.8998, -670.7000, -16.9000,  0, 0, 0
L -1399.3998, -669.9000, -16.9000,  -1399.3998, -674.6000, -16.9000,  0, 0, 0
L -1054.6000, -671.7000, -16.9000,  -1045.0000, -671.3000, -16.0000,  0, 0, 0
L -1061.1000, -675.0000, -16.9000,  -1054.7997, -675.1000, -16.7000,  0, 0, 0
L -1353.7997, -613.2000, -16.9000,  -1408.7997, -613.3000, -16.9000,  0, 0, 0
L -1054.7997, -675.1000, -16.7000,  -1054.6000, -671.7000, -16.9000,  0, 0, 0
L -1399.3998, -674.6000, -16.9000,  -1393.2000, -674.4000, -16.9000,  0, 0, 0
L -1239.7000, -613.2000, -16.5000,  -1295.1000, -613.2000, -16.9000,  0, 0, 0
L -1354.2000, -670.6000, -16.9000,  -1353.7997, -613.2000, -16.9000,  0, 0, 0
L -1387.6000, -692.4000, -17.0000,  -1391.1000, -693.1000, -15.9000,  0, 0, 0
L -1391.1000, -693.1000, -15.9000,  -1416.6000, -693.2000, -16.1000,  0, 0, 0
L -1045.0000, -671.3000, -16.0000,  -1045.2000, -669.7000, -16.9000,  0, 0, 0
L -1061.2000, -679.3000, -16.9000,  -1061.1000, -675.0000, -16.9000,  0, 0, 0
L -1085.5000, -629.2000, -16.6000,  -1085.2997, -572.8000, -16.9000,  0, 0, 0
L -1049.7000, -690.5000, -16.1000,  -1061.0000, -691.2000, -16.0000,  0, 0, 0
L -1061.0000, -691.2000, -16.0000,  -1065.2000, -690.2000, -16.7000,  0, 0, 0
L -1408.7997, -613.3000, -16.9000,  -1409.1000, -669.9000, -16.9000,  0, 0, 0
L -1140.2997, -572.9000, -16.9000,  -1141.0000, -629.7000, -16.7000,  0, 0, 0
L -1392.7997, -679.1000, -16.9000,  -1387.6000, -678.9000, -16.9000,  0, 0, 0
L -1393.2000, -674.4000, -16.9000,  -1392.7997, -679.1000, -16.9000,  0, 0, 0
L -1040.2997, -690.7000, -16.3000,  -1049.7000, -690.5000, -16.1000,  0, 0, 0
L -1409.1000, -669.9000, -16.9000,  -1399.3998, -669.9000, -16.9000,  0, 0, 0
L -1085.2997, -572.8000, -16.9000,  -1140.2997, -572.9000, -16.9000,  0, 0, 0
L -1066.5000, -689.4000, -16.9000,  -1066.5000, -689.4000, -16.9000,  0, 0, 0
L -1294.6000, -670.3000, -16.9000,  -1354.2000, -670.6000, -16.9000,  0, 0, 0
L -1182.8998, -670.7000, -16.9000,  -1239.7997, -670.8000, -16.9000,  0, 0, 0
L -1066.5000, -679.2000, -16.9000,  -1061.2000, -679.3000, -16.9000,  0, 0, 0
L -1295.1000, -613.2000, -16.9000,  -1294.6000, -670.3000, -16.9000,  0, 0, 0
L -1045.2000, -669.7000, -16.9000,  -1085.5000, -629.2000, -16.6000,  0, 0, 0
L -1141.0000, -629.7000, -16.7000,  -1180.2997, -669.4000, -16.9000,  0, 0, 0
L -1239.7997, -670.8000, -16.9000,  -1239.7000, -613.2000, -16.5000,  0, 0, 0
L -1066.5000, -689.4000, -16.9000,  -1066.5000, -679.2000, -16.9000,  0, 0, 0
L -1065.2000, -690.2000, -16.7000,  -1066.5000, -689.4000, -16.9000,  0, 0, 0
L 9.0000, -426.8000, -22.7000,  4.6000, -426.1000, -22.8000,  0, 0, 0
L 8.5000, -436.1000, -22.7000,  9.5000, -435.0000, -22.8000,  0, 0, 0
L -65.8000, -430.7000, -23.6000,  -64.8000, -425.7000, -23.5000,  0, 0, 0
L -55.9000, -425.5000, -23.8000,  -56.2000, -431.1000, -23.6000,  0, 0, 0
L 9.5000, -435.0000, -22.8000,  8.8000, -434.5000, -22.8000,  0, 0, 0
L -77.0000, -503.2000, -23.7000,  -77.1000, -498.8000, -23.8000,  0, 0, 0
L -67.5000, -431.0000, -23.7000,  -65.8000, -430.7000, -23.6000,  0, 0, 0
L -68.7000, -430.1000, -23.8000,  -67.5000, -431.0000, -23.7000,  0, 0, 0
L -77.1000, -498.8000, -23.8000,  -76.2000, -497.5000, -23.7000,  0, 0, 0
L -96.1000, -505.0000, -23.6000,  -88.8000, -505.1000, -23.6000,  0, 0, 0
L -88.8000, -505.1000, -23.6000,  -88.8000, -500.5000, -23.6000,  0, 0, 0
L -64.8000, -425.7000, -23.5000,  -55.9000, -425.5000, -23.8000,  0, 0, 0
L 6.5000, -431.1000, -22.7000,  6.9000, -436.2000, -22.7000,  0, 0, 0
L 8.5000, -429.5000, -22.7000,  9.6000, -428.6000, -22.9000,  0, 0, 0
L -79.3000, -500.6000, -23.6000,  -78.8000, -505.2000, -23.6000,  0, 0, 0
L -76.2000, -433.7000, -23.6000,  -73.3000, -430.2000, -23.8000,  0, 0, 0
L 9.7000, -417.3000, -22.7000,  9.8000, -408.7000, -22.7000,  0, 0, 0
L 9.6000, -428.6000, -22.9000,  9.0000, -426.8000, -22.7000,  0, 0, 0
L -76.2000, -497.5000, -23.7000,  -76.2000, -433.7000, -23.6000,  0, 0, 0
L -2.8000, -435.7000, -22.7000,  -2.5000, -431.1000, -22.8000,  0, 0, 0
L -56.2000, -431.1000, -23.6000,  -2.8000, -435.7000, -22.7000,  0, 0, 0
L 6.9000, -436.2000, -22.7000,  8.5000, -436.1000, -22.7000,  0, 0, 0
L -2.5000, -431.1000, -22.8000,  6.5000, -431.1000, -22.7000,  0, 0, 0
L -88.8000, -500.5000, -23.6000,  -79.3000, -500.6000, -23.6000,  0, 0, 0
L -77.4000, -505.1000, -23.6000,  -76.3000, -503.9000, -23.7000,  0, 0, 0
L 5.0000, -417.7000, -22.7000,  9.7000, -417.3000, -22.7000,  0, 0, 0
L -76.3000, -503.9000, -23.7000,  -77.0000, -503.2000, -23.7000,  0, 0, 0
L 8.8000, -434.5000, -22.8000,  8.5000, -429.5000, -22.7000,  0, 0, 0
L 4.6000, -426.1000, -22.8000,  5.0000, -417.7000, -22.7000,  0, 0, 0
L -78.8000, -505.2000, -23.6000,  -77.4000, -505.1000, -23.6000,  0, 0, 0
L -73.3000, -430.2000, -23.8000,  -68.7000, -430.1000, -23.8000,  0, 0, 0
L -86.6000, -291.9000, -29.6000,  -88.9000, -287.1000, -29.7000,  150, 150, 150
L -109.7000, -292.2000, -29.7000,  -112.1000, -297.3000, -29.7000,  150, 150, 150
L -86.6000, -291.9000, -29.6000,  -109.7000, -292.2000, -29.7000,  150, 150, 150
L 1.1000, -410.0000, -29.7000,  -4.2000, -411.9000, -29.8000,  150, 150, 150
L 1.2000, -387.9000, -29.7000,  7.1000, -390.7000, -29.7000,  150, 150, 150
L 1.1000, -410.0000, -29.7000,  1.2000, -387.9000, -29.7000,  150, 150, 150
L -95.3000, -498.8000, -29.6000,  -92.7000, -493.4000, -29.6000,  150, 150, 150
L -117.6000, -498.8000, -29.7000,  -115.0000, -504.0000, -29.7000,  150, 150, 150
L -95.3000, -498.8000, -29.6000,  -117.6000, -498.8000, -29.7000,  150, 150, 150
L -206.0000, -402.1000, -29.8000,  -211.5000, -399.3000, -29.8000,  150, 150, 150
L -205.7000, -380.1000, -29.7000,  -200.1000, -377.8000, -29.7000,  150, 150, 150
L -206.0000, -402.1000, -29.8000,  -205.7000, -380.1000, -29.7000,  150, 150, 150
L -12.0000, -239.0000, -31.5000,  52.8000, -194.2000, -37.6000,  150, 150, 150
L 52.8000, -194.2000, -37.6000,  116.9000, -238.4000, -31.5000,  150, 150, 150
