L -39.8000, 168.9000, -11.7000,  -39.7000, 26.5000, -11.5000,  0, 0, 0
L -39.8000, 168.9000, -11.7000,  173.2000, 169.6000, -11.9000,  0, 0, 0
L 173.2000, 243.3000, -12.6000,  173.2000, 169.6000, -11.9000,  0, 0, 0
L 173.2000, 243.3000, -12.5000,  193.6000, 243.2000, -12.6000,  0, 0, 0
L 196.2000, 248.2000, -11.0000,  196.3000, 245.8000, -10.9000,  0, 0, 0
L 193.6000, 243.2000, -12.2000,  196.3000, 245.8000, -11.5000,  0, 0, 0
L 196.2000, 248.2000, -11.2000,  194.8000, 251.1000, -11.4000,  0, 0, 0
L 194.8000, 251.1000, -11.4000,  192.6000, 259.3000, -11.6000,  0, 0, 0
L 192.6000, 259.3000, -11.6000,  185.8000, 278.4000, -12.8000,  0, 0, 0
L 185.8000, 278.4000, -12.8000,  183.8000, 287.1000, -13.5000,  0, 0, 0
L 183.8000, 287.1000, -13.5000,  184.3000, 289.8000, -13.2000,  0, 0, 0
L 184.3000, 289.8000, -13.2000,  184.2000, 291.8000, -13.3000,  0, 0, 0
L 184.2000, 291.8000, -13.3000,  184.6000, 293.0000, -13.7000,  0, 0, 0
L 184.6000, 293.0000, -13.7000,  180.2000, 294.9000, -13.8000,  0, 0, 0
L 180.2000, 294.9000, -13.8000,  176.3000, 295.3000, -13.5000,  0, 0, 0
L 176.3000, 295.3000, -13.5000,  165.4000, 296.5000, -11.7000,  0, 0, 0
L 165.4000, 296.5000, -11.7000,  163.6000, 301.5000, -18.6000,  0, 0, 0
L 163.6000, 301.5000, -18.6000,  156.3000, 304.4000, -17.6000,  0, 0, 0
L 156.3000, 304.4000, -17.6000,  152.1000, 303.3000, -18.6000,  0, 0, 0
L 152.1000, 303.3000, -18.6000,  148.0000, 300.1000, -18.5000,  0, 0, 0
L 148.0000, 300.1000, -18.5000,  147.8000, 296.6000, -11.7000,  0, 0, 0
L 147.8000, 296.6000, -11.7000,  138.5000, 294.6000, -13.4000,  0, 0, 0
L 138.5000, 294.6000, -13.4000,  132.4000, 294.7000, -13.7000,  0, 0, 0
L 132.4000, 294.7000, -13.7000,  123.6000, 295.9000, -11.8000,  0, 0, 0
L 123.4000, 295.9000, -11.8000,  121.7000, 301.4000, -18.6000,  0, 0, 0
L 121.7000, 301.4000, -18.6000,  114.2000, 304.2000, -17.7000,  0, 0, 0
L 114.2000, 304.2000, -17.7000,  106.7000, 301.1000, -18.7000,  0, 0, 0
L 106.7000, 301.1000, -18.7000,  105.5000, 299.5000, -18.4000,  0, 0, 0
L 105.5000, 299.5000, -18.4000,  106.3000, 296.4000, -12.5000,  0, 0, 0
L 106.3000, 296.4000, -12.5000,  98.2000, 294.3000, -13.5000,  0, 0, 0
L 98.2000, 294.3000, -13.5000,  95.5000, 294.7000, -13.3000,  0, 0, 0
L 95.5000, 294.7000, -13.3000,  92.9000, 294.4000, -13.9000,  0, 0, 0
L 92.9000, 294.4000, -13.9000,  89.9000, 289.3000, -13.6000,  0, 0, 0
L 89.9000, 289.3000, -13.6000,  89.9000, 287.2000, -13.5000,  0, 0, 0
L 90.7000, 250.0000, -10.8000,  90.7000, 282.3000, -10.7000,  0, 0, 0
L 90.7000, 282.3000, -10.7000,  89.9000, 287.2000, -13.5000,  0, 0, 0
L 90.7000, 250.0000, -10.8000,  46.6000, 250.7000, -10.6000,  0, 0, 0
L 46.6000, 250.7000, -10.6000,  46.4000, 399.5000, -13.2000,  0, 0, 0
L 46.4000, 399.5000, -13.2000,  50.5000, 399.3000, -18.2000,  0, 0, 0
L 50.5000, 399.3000, -18.2000,  52.5000, 401.9000, -18.4000,  0, 0, 0
L 52.5000, 401.9000, -18.4000,  55.1000, 408.1000, -17.4000,  0, 0, 0
L 55.1000, 408.1000, -17.4000,  52.4000, 415.5000, -18.3000,  0, 0, 0
L 52.4000, 415.5000, -18.3000,  45.6000, 417.3000, -13.2000,  0, 0, 0
L 45.6000, 417.3000, -13.2000,  45.5000, 567.8000, -13.2000,  0, 0, 0
L 45.5000, 567.8000, -13.2000,  90.2000, 567.8000, -10.1000,  0, 0, 0
L 90.2000, 567.8000, -10.1000,  90.2000, 523.2000, -13.5000,  0, 0, 0
L 90.2000, 523.2000, -13.2000,  138.6000, 509.3000, -11.4000,  0, 0, 0
L 138.4000, 490.3000, -11.4000,  90.1000, 475.5000, -13.3000,  0, 0, 0
L 90.1000, 475.5000, -13.4000,  90.9000, 417.6000, -8.2000,  0, 0, 0
L 90.9000, 417.6000, -8.2000,  83.5000, 415.6000, -18.4000,  0, 0, 0
L 83.5000, 415.6000, -18.4000,  80.7000, 408.4000, -17.4000,  0, 0, 0
L 80.7000, 408.4000, -17.4000,  83.5000, 400.9000, -18.4000,  0, 0, 0
L 83.5000, 400.9000, -18.4000,  89.4000, 399.8000, -12.0000,  0, 0, 0
L 90.7000, 348.6000, -13.2000,  90.5000, 345.8000, -13.5000,  0, 0, 0
L 90.5000, 345.8000, -13.5000,  90.2000, 342.5000, -13.9000,  0, 0, 0
L 90.2000, 342.5000, -13.9000,  92.0000, 339.3000, -14.2000,  0, 0, 0
L 92.0000, 339.3000, -14.2000,  95.2000, 338.6000, -13.4000,  0, 0, 0
L 95.2000, 338.6000, -13.4000,  105.1000, 340.2000, -8.7000,  0, 0, 0
L 105.1000, 340.2000, -8.7000,  105.4000, 334.2000, -18.6000,  0, 0, 0
L 105.4000, 334.2000, -18.6000,  107.1000, 332.5000, -18.6000,  0, 0, 0
L 107.1000, 332.5000, -18.6000,  114.7000, 329.7000, -17.7000,  0, 0, 0
L 114.7000, 329.7000, -17.7000,  121.8000, 332.8000, -18.5000,  0, 0, 0
L 121.8000, 332.8000, -18.5000,  123.5000, 340.7000, -8.6000,  0, 0, 0
L 123.5000, 340.7000, -8.6000,  147.4000, 340.8000, -8.6000,  0, 0, 0
L 147.4000, 340.8000, -8.6000,  148.2000, 335.8000, -15.0000,  0, 0, 0
L 148.2000, 335.8000, -15.0000,  153.5000, 336.2000, -15.3000,  0, 0, 0
L 153.5000, 336.2000, -15.3000,  164.4000, 335.7000, -15.7000,  0, 0, 0
L 164.4000, 335.7000, -15.7000,  165.2000, 339.2000, -12.6000,  0, 0, 0
L 165.2000, 339.2000, -12.6000,  273.4000, 339.3000, -10.6000,  0, 0, 0
L 273.4000, 295.4000, -9.6000,  273.4000, 339.3000, -10.6000,  0, 0, 0
L 273.4000, 295.4000, -9.6000,  240.7000, 295.4000, -13.3000,  0, 0, 0
L 240.7000, 295.4000, -13.3000,  231.7000, 294.7000, -14.2000,  0, 0, 0
L 231.7000, 294.7000, -14.2000,  228.5000, 293.8000, -14.4000,  0, 0, 0
L 228.5000, 293.8000, -14.4000,  228.2000, 290.8000, -13.4000,  0, 0, 0
L 228.2000, 290.8000, -13.4000,  228.6000, 287.4000, -13.5000,  0, 0, 0
L 228.6000, 287.4000, -13.5000,  223.6000, 269.5000, -11.8000,  0, 0, 0
L 223.6000, 269.5000, -11.8000,  217.4000, 251.5000, -11.5000,  0, 0, 0
L 217.4000, 251.5000, -11.5000,  215.6000, 248.4000, -10.3000,  0, 0, 0
L 215.6000, 248.4000, -10.3000,  215.7000, 245.1000, -10.5000,  0, 0, 0
L 215.7000, 245.1000, -10.5000,  217.9000, 243.3000, -12.7000,  0, 0, 0
L 217.9000, 243.3000, -12.7000,  219.7000, 242.7000, -12.3000,  0, 0, 0
L 219.7000, 242.7000, -12.3000,  249.4000, 242.7000, -11.4000,  0, 0, 0
L 249.4000, 242.7000, -11.4000,  249.4000, 27.3000, -11.0000,  0, 0, 0
L 249.4000, 27.3000, -10.9000,  106.8000, 27.3000, -11.4000,  0, 0, 0
L 106.8000, 27.3000, -11.9000,  106.9000, -46.8000, -11.7000,  0, 0, 0
L 106.9000, -46.8000, -11.5000,  34.1000, -46.8000, -11.5000,  0, 0, 0
L 34.1000, -46.8000, -11.6000,  34.2000, 26.8000, -11.6000,  0, 0, 0
L 89.5000, 361.0000, -13.4000,  89.4000, 399.8000, -12.0000,  0, 0, 0
L 90.7000, 348.4000, -13.3000,  89.5000, 361.0000, -13.4000,  0, 0, 0
L 140.7000, 490.3000, -11.9000,  140.8000, 468.0000, -12.2000,  0, 0, 0
L 140.8000, 468.0000, -12.3000,  190.9000, 418.4000, -12.8000,  0, 0, 0
L 190.9000, 418.4000, -12.8000,  260.6000, 418.0000, -12.1000,  0, 0, 0
L 260.6000, 418.0000, -12.1000,  310.8000, 468.1000, -12.8000,  0, 0, 0
L 310.8000, 468.1000, -12.8000,  310.7000, 538.4000, -12.1000,  0, 0, 0
L 310.7000, 538.4000, -12.2000,  260.9000, 588.0000, -12.0000,  0, 0, 0
L 260.9000, 588.0000, -11.9000,  231.9000, 587.9000, -11.6000,  0, 0, 0
L 231.9000, 590.7000, -11.3000,  245.0000, 631.3000, -7.7000,  0, 0, 0
L 245.0000, 631.3000, -7.7000,  245.2000, 679.8000, -19.2000,  0, 0, 0
L 245.2000, 679.8000, -19.2000,  296.8000, 679.8000, -20.5000,  0, 0, 0
L 296.8000, 635.2000, -15.9000,  296.8000, 679.8000, -19.6000,  0, 0, 0
L 296.8000, 635.2000, -15.9000,  340.2000, 635.2000, -19.1000,  0, 0, 0
L 340.2000, 635.2000, -19.1000,  340.4000, 812.8000, -19.3000,  0, 0, 0
L 340.4000, 812.8000, -19.3000,  360.2000, 823.3000, -22.5000,  0, 0, 0
L 360.2000, 823.3000, -22.5000,  365.8000, 831.4000, -23.6000,  0, 0, 0
L 365.8000, 831.4000, -23.6000,  372.0000, 831.4000, -23.6000,  0, 0, 0
L 372.0000, 831.4000, -23.6000,  377.2000, 823.3000, -22.6000,  0, 0, 0
L 377.2000, 823.3000, -22.6000,  388.2000, 818.2000, -19.3000,  0, 0, 0
L 388.2000, 818.2000, -19.3000,  393.7000, 818.5000, -19.4000,  0, 0, 0
L 393.7000, 818.5000, -19.4000,  428.9000, 829.6000, -25.3000,  0, 0, 0
L 432.8000, 830.9000, -24.7000,  434.9000, 830.9000, -24.7000,  0, 0, 0
L 434.9000, 830.9000, -24.9000,  437.7000, 827.8000, -26.2000,  0, 0, 0
L 432.8000, 830.9000, -24.7000,  428.9000, 829.6000, -25.2000,  0, 0, 0
L 437.7000, 801.5000, -32.7000,  437.7000, 832.0000, -32.6000,  0, 0, 0
L 437.7000, 832.0000, -32.5000,  443.5000, 828.9000, -32.5000,  150, 150, 150
L 449.4000, 854.0000, -32.5000,  443.9000, 851.2000, -32.6000,  150, 150, 150
L 438.4000, 848.4000, -32.7000,  438.9000, 872.5000, -32.7000,  0, 0, 0
L 437.7000, 801.5000, -32.7000,  509.0000, 801.6000, -32.7000,  0, 0, 0
L 508.9000, 730.9000, -32.7000,  509.0000, 801.6000, -32.7000,  0, 0, 0
L 508.9000, 730.9000, -32.7000,  533.2000, 730.9000, -32.7000,  0, 0, 0
L 533.2000, 730.9000, -32.7000,  530.3000, 736.5000, -32.7000,  150, 150, 150
L 555.6000, 742.6000, -32.6000,  552.5000, 737.0000, -32.6000,  150, 150, 150
L 579.6000, 731.2000, -32.7000,  549.4000, 731.3000, -32.7000,  0, 0, 0
L 579.6000, 731.2000, -32.6000,  579.5000, 872.6000, -32.6000,  0, 0, 0
L 579.5000, 872.6000, -32.6000,  438.9000, 872.5000, -32.6000,  0, 0, 0
L 438.5000, 853.9000, -26.5000,  434.8000, 850.4000, -25.4000,  0, 0, 0
L 434.8000, 850.4000, -25.4000,  434.4000, 849.5000, -25.3000,  0, 0, 0
L 434.4000, 849.5000, -25.3000,  432.8000, 849.5000, -25.3000,  0, 0, 0
L 432.8000, 849.5000, -25.3000,  432.1000, 850.3000, -25.5000,  0, 0, 0
L 432.1000, 850.3000, -25.5000,  429.0000, 851.7000, -25.3000,  0, 0, 0
L 429.0000, 851.7000, -25.3000,  393.5000, 862.7000, -19.3000,  0, 0, 0
L 393.5000, 862.7000, -19.3000,  388.2000, 862.8000, -19.5000,  0, 0, 0
L 388.2000, 862.8000, -19.5000,  377.2000, 857.5000, -22.6000,  0, 0, 0
L 377.2000, 857.5000, -22.6000,  372.6000, 849.3000, -23.6000,  0, 0, 0
L 365.5000, 849.3000, -23.7000,  360.4000, 857.5000, -22.5000,  0, 0, 0
L 372.6000, 849.3000, -22.9000,  365.5000, 849.3000, -22.9000,  0, 0, 0
L 360.2000, 857.4000, -22.6000,  350.6000, 862.7000, -19.3000,  0, 0, 0
L 350.6000, 862.7000, -19.3000,  251.9000, 862.8000, -19.1000,  0, 0, 0
L 251.9000, 862.8000, -19.1000,  251.9000, 818.6000, -19.2000,  0, 0, 0
L 251.9000, 818.6000, -19.2000,  296.4000, 818.9000, -20.0000,  0, 0, 0
L 296.4000, 818.9000, -18.9000,  296.4000, 725.7000, -20.2000,  0, 0, 0
L 296.4000, 725.7000, -18.6000,  216.6000, 725.0000, -15.7000,  0, 0, 0
L 199.8000, 696.0000, -19.5000,  199.8000, 631.9000, -4.4000,  0, 0, 0
L 199.8000, 631.9000, -4.4000,  212.5000, 591.1000, -11.3000,  0, 0, 0
L 212.5000, 588.8000, -11.8000,  190.6000, 588.8000, -11.9000,  0, 0, 0
L 190.6000, 588.8000, -11.9000,  141.8000, 538.3000, -12.4000,  0, 0, 0
L 141.8000, 538.3000, -12.4000,  141.1000, 509.3000, -11.8000,  0, 0, 0
L 141.1000, 509.3000, -11.8000,  138.6000, 509.3000, -11.4000,  0, 0, 0
L 138.4000, 490.3000, -11.4000,  140.7000, 490.3000, -11.9000,  0, 0, 0
L 231.9000, 587.9000, -11.6000,  231.9000, 590.7000, -11.3000,  0, 0, 0
L 212.5000, 591.1000, -11.3000,  212.5000, 588.8000, -11.8000,  0, 0, 0
L 199.7000, 695.8000, -19.3000,  216.6000, 725.0000, -15.7000,  0, 0, 0
L 580.0000, 678.7000, -26.3000,  581.7000, 680.7000, -25.2000,  0, 0, 0
L 581.7000, 680.7000, -24.7000,  585.2000, 680.7000, -24.7000,  0, 0, 0
L 585.2000, 680.7000, -25.3000,  588.7000, 678.9000, -26.0000,  0, 0, 0
L 588.7000, 678.9000, -26.0000,  623.8000, 667.3000, -28.3000,  0, 0, 0
L 623.8000, 667.3000, -28.3000,  676.9000, 667.4000, -41.6000,  0, 0, 0
L 676.9000, 667.4000, -41.6000,  712.1000, 681.8000, -45.0000,  0, 0, 0
L 712.1000, 681.8000, -45.0000,  715.7000, 681.8000, -46.9000,  0, 0, 0
L 717.3000, 675.9000, -47.3000,  715.7000, 677.2000, -45.7000,  0, 0, 0
L 715.7000, 677.2000, -45.7000,  715.7000, 681.8000, -46.9000,  0, 0, 0
L 717.3000, 675.9000, -47.3000,  718.8000, 671.2000, -46.6000,  0, 0, 0
L 718.8000, 671.2000, -46.6000,  712.7000, 669.5000, -44.1000,  0, 0, 0
L 712.7000, 669.5000, -44.1000,  712.7000, 663.9000, -44.2000,  0, 0, 0
L 717.8000, 661.3000, -47.4000,  717.8000, 651.9000, -47.0000,  0, 0, 0
L 717.8000, 651.9000, -47.0000,  712.8000, 649.4000, -44.9000,  0, 0, 0
L 712.8000, 649.4000, -44.9000,  712.8000, 642.7000, -44.2000,  0, 0, 0
L 712.8000, 642.7000, -44.2000,  718.1000, 641.2000, -47.8000,  0, 0, 0
L 717.8000, 661.3000, -47.4000,  712.7000, 663.9000, -44.2000,  0, 0, 0
L 718.1000, 641.2000, -47.8000,  718.0000, 602.8000, -47.3000,  0, 0, 0
L 718.0000, 602.8000, -47.3000,  712.7000, 601.6000, -44.1000,  0, 0, 0
L 712.7000, 601.6000, -44.1000,  712.7000, 595.1000, -44.0000,  0, 0, 0
L 712.7000, 595.1000, -44.1000,  718.9000, 593.3000, -47.3000,  0, 0, 0
L 718.9000, 587.2000, -47.4000,  718.9000, 593.3000, -47.3000,  0, 0, 0
L 718.9000, 587.2000, -46.9000,  789.5000, 587.3000, -47.4000,  0, 0, 0
L 789.5000, 587.3000, -47.4000,  789.5000, 579.9000, -47.2000,  0, 0, 0
L 789.5000, 579.9000, -47.2000,  784.6000, 578.5000, -44.2000,  0, 0, 0
L 784.6000, 578.5000, -44.2000,  784.6000, 571.7000, -44.3000,  0, 0, 0
L 784.6000, 571.7000, -44.3000,  789.9000, 570.8000, -47.0000,  0, 0, 0
L 789.6000, 532.2000, -47.5000,  789.6000, 536.2000, -47.3000,  0, 0, 0
L 789.6000, 536.2000, -47.3000,  786.8000, 538.3000, -45.7000,  0, 0, 0
L 786.8000, 538.3000, -45.7000,  786.8000, 539.6000, -46.9000,  0, 0, 0
L 789.6000, 532.2000, -47.5000,  784.6000, 530.7000, -44.3000,  0, 0, 0
L 784.6000, 530.7000, -44.3000,  784.6000, 524.1000, -44.1000,  0, 0, 0
L 784.6000, 524.1000, -44.2000,  789.9000, 522.5000, -47.3000,  0, 0, 0
L 789.9000, 522.5000, -47.3000,  789.8000, 515.6000, -47.4000,  0, 0, 0
L 789.8000, 515.6000, -47.4000,  797.4000, 515.6000, -47.4000,  0, 0, 0
L 797.4000, 515.6000, -47.4000,  799.4000, 510.4000, -44.1000,  0, 0, 0
L 799.4000, 510.4000, -44.1000,  805.8000, 510.4000, -44.3000,  0, 0, 0
L 805.8000, 510.4000, -44.3000,  807.3000, 515.5000, -46.3000,  0, 0, 0
L 807.3000, 515.5000, -46.3000,  845.7000, 515.5000, -47.8000,  0, 0, 0
L 845.7000, 515.5000, -47.8000,  846.9000, 510.4000, -44.3000,  0, 0, 0
L 846.9000, 510.4000, -44.3000,  854.3000, 510.4000, -41.5000,  0, 0, 0
L 854.3000, 510.4000, -41.5000,  855.6000, 515.7000, -47.3000,  0, 0, 0
L 855.6000, 515.7000, -47.4000,  865.2000, 515.7000, -47.4000,  0, 0, 0
L 865.2000, 515.7000, -47.2000,  867.3000, 510.5000, -44.2000,  0, 0, 0
L 867.3000, 510.5000, -44.2000,  874.0000, 510.5000, -44.3000,  0, 0, 0
L 874.0000, 510.5000, -44.3000,  875.4000, 515.4000, -45.5000,  0, 0, 0
L 875.4000, 515.4000, -47.3000,  913.6000, 515.5000, -47.6000,  0, 0, 0
L 913.6000, 515.5000, -47.6000,  915.8000, 510.4000, -44.3000,  0, 0, 0
L 915.8000, 510.4000, -44.3000,  922.4000, 510.4000, -41.5000,  0, 0, 0
L 922.4000, 510.4000, -41.5000,  923.9000, 515.7000, -47.3000,  0, 0, 0
L 923.9000, 515.7000, -47.3000,  929.3000, 515.7000, -47.4000,  0, 0, 0
L 929.3000, 515.7000, -47.5000,  929.4000, 585.3000, -47.7000,  0, 0, 0
L 929.4000, 585.3000, -47.7000,  931.5000, 590.5000, -47.6000,  0, 0, 0
L 931.5000, 590.5000, -47.6000,  978.9000, 637.9000, -47.9000,  0, 0, 0
L 978.9000, 637.9000, -47.9000,  957.7000, 679.7000, -44.3000,  0, 0, 0
L 957.7000, 679.7000, -44.3000,  914.6000, 721.7000, -47.5000,  0, 0, 0
L 914.6000, 721.7000, -47.5000,  912.9000, 725.0000, -47.6000,  0, 0, 0
L 912.9000, 725.0000, -47.6000,  912.7000, 795.2000, -47.3000,  0, 0, 0
L 912.7000, 795.2000, -47.4000,  909.5000, 798.9000, -47.1000,  0, 0, 0
L 909.5000, 798.9000, -47.1000,  911.5000, 803.7000, -44.2000,  0, 0, 0
L 911.5000, 803.7000, -44.2000,  906.9000, 807.9000, -44.2000,  0, 0, 0
L 906.9000, 807.9000, -44.2000,  902.4000, 805.2000, -47.4000,  0, 0, 0
L 902.4000, 805.2000, -47.4000,  875.2000, 832.5000, -47.7000,  0, 0, 0
L 875.2000, 832.5000, -47.7000,  877.8000, 837.0000, -44.2000,  0, 0, 0
L 877.8000, 837.0000, -44.2000,  873.4000, 841.4000, -44.8000,  0, 0, 0
L 873.4000, 841.4000, -44.8000,  868.0000, 839.4000, -47.3000,  0, 0, 0
L 868.0000, 839.4000, -47.3000,  861.2000, 846.1000, -47.3000,  0, 0, 0
L 861.2000, 846.1000, -47.3000,  863.4000, 851.2000, -44.2000,  0, 0, 0
L 863.4000, 851.2000, -44.2000,  858.8000, 855.9000, -44.3000,  0, 0, 0
L 858.8000, 855.9000, -44.3000,  853.4000, 854.2000, -47.4000,  0, 0, 0
L 853.4000, 854.2000, -47.4000,  827.0000, 880.4000, -47.2000,  0, 0, 0
L 827.0000, 880.4000, -47.2000,  829.7000, 885.2000, -44.1000,  0, 0, 0
L 829.7000, 885.2000, -44.1000,  825.0000, 889.6000, -44.2000,  0, 0, 0
L 825.0000, 889.6000, -44.2000,  819.8000, 887.5000, -47.3000,  0, 0, 0
L 819.8000, 887.5000, -47.3000,  815.8000, 891.1000, -47.4000,  0, 0, 0
L 815.8000, 891.1000, -47.5000,  717.8000, 792.7000, -47.4000,  0, 0, 0
L 717.8000, 792.7000, -47.4000,  717.8000, 786.8000, -47.3000,  0, 0, 0
L 717.8000, 786.8000, -47.3000,  712.8000, 785.2000, -44.1000,  0, 0, 0
L 712.8000, 785.2000, -44.1000,  712.9000, 778.9000, -44.3000,  0, 0, 0
L 712.9000, 778.9000, -44.3000,  717.8000, 776.9000, -47.2000,  0, 0, 0
L 717.8000, 776.9000, -47.2000,  717.8000, 738.9000, -47.6000,  0, 0, 0
L 717.8000, 738.9000, -47.6000,  712.7000, 737.5000, -44.1000,  0, 0, 0
L 712.7000, 737.5000, -44.1000,  712.7000, 731.9000, -44.0000,  0, 0, 0
L 712.7000, 731.9000, -44.0000,  718.1000, 730.3000, -47.3000,  0, 0, 0
L 718.1000, 730.3000, -47.4000,  718.1000, 719.6000, -47.4000,  0, 0, 0
L 718.1000, 719.6000, -47.4000,  712.8000, 717.1000, -44.1000,  0, 0, 0
L 712.8000, 717.1000, -44.1000,  712.9000, 710.8000, -44.2000,  0, 0, 0
L 718.6000, 709.2000, -48.1000,  712.9000, 710.8000, -44.2000,  0, 0, 0
L 714.9000, 702.7000, -46.6000,  718.7000, 704.9000, -48.1000,  0, 0, 0
L 718.7000, 704.9000, -48.1000,  718.6000, 709.2000, -48.1000,  0, 0, 0
L 714.9000, 702.7000, -46.6000,  714.9000, 699.7000, -47.4000,  0, 0, 0
L 714.9000, 699.7000, -47.4000,  712.8000, 697.8000, -46.6000,  0, 0, 0
L 712.8000, 697.8000, -46.6000,  708.9000, 697.7000, -46.3000,  0, 0, 0
L 708.9000, 697.7000, -46.3000,  670.9000, 712.2000, -40.6000,  0, 0, 0
L 670.9000, 712.2000, -40.6000,  629.3000, 712.5000, -28.2000,  0, 0, 0
L 629.3000, 712.5000, -28.2000,  588.5000, 701.6000, -26.0000,  0, 0, 0
L 588.5000, 701.6000, -26.0000,  584.4000, 699.9000, -25.3000,  0, 0, 0
L 584.4000, 699.9000, -25.3000,  581.7000, 699.8000, -26.0000,  0, 0, 0
L 581.7000, 699.8000, -26.0000,  580.8000, 701.8000, -26.6000,  0, 0, 0
L 580.8000, 701.8000, -26.6000,  580.6000, 722.0000, -26.8000,  0, 0, 0
L 789.9000, 570.8000, -47.0000,  789.9000, 567.5000, -47.1000,  0, 0, 0
L 789.9000, 567.5000, -47.1000,  786.6000, 564.2000, -45.9000,  0, 0, 0
L 786.6000, 564.2000, -45.9000,  786.6000, 563.2000, -46.3000,  0, 0, 0
L 786.6000, 563.2000, -46.3000,  784.8000, 559.2000, -46.8000,  0, 0, 0
L 784.8000, 559.2000, -46.8000,  782.0000, 559.2000, -46.2000,  0, 0, 0
L 782.0000, 559.2000, -46.2000,  747.7000, 571.8000, -41.4000,  0, 0, 0
L 747.7000, 571.8000, -41.4000,  658.3000, 571.8000, -65.4000,  0, 0, 0
L 658.3000, 571.8000, -65.4000,  658.3000, 617.7000, -66.2000,  0, 0, 0
L 658.3000, 617.7000, -66.2000,  613.8000, 617.6000, -65.6000,  0, 0, 0
L 613.8000, 617.6000, -65.6000,  614.1000, 369.1000, -77.8000,  0, 0, 0
L 614.1000, 369.1000, -77.8000,  627.0000, 351.3000, -77.6000,  0, 0, 0
L 627.0000, 351.3000, -77.6000,  641.7000, 345.8000, -78.2000,  0, 0, 0
L 641.7000, 345.8000, -78.2000,  711.6000, 345.6000, -77.8000,  0, 0, 0
L 711.6000, 345.6000, -77.6000,  711.6000, 330.9000, -73.4000,  0, 0, 0
L 711.6000, 330.9000, -73.4000,  718.4000, 329.5000, -83.2000,  0, 0, 0
L 718.4000, 329.5000, -83.2000,  721.3000, 322.6000, -82.2000,  0, 0, 0
L 721.3000, 322.6000, -82.2000,  718.5000, 314.8000, -83.2000,  0, 0, 0
L 718.5000, 314.8000, -83.2000,  711.7000, 312.7000, -77.7000,  0, 0, 0
L 711.7000, 312.7000, -77.7000,  711.8000, 298.2000, -78.2000,  0, 0, 0
L 711.8000, 298.2000, -78.2000,  723.2000, 260.4000, -83.6000,  0, 0, 0
L 723.2000, 260.4000, -83.6000,  723.2000, 259.0000, -83.6000,  0, 0, 0
L 723.2000, 259.0000, -83.6000,  721.2000, 256.6000, -85.7000,  0, 0, 0
L 721.2000, 256.6000, -85.7000,  715.6000, 253.2000, -86.4000,  0, 0, 0
L 697.4000, 253.2000, -85.8000,  715.6000, 253.2000, -86.4000,  0, 0, 0
L 697.4000, 253.2000, -85.8000,  691.4000, 248.8000, -85.8000,  0, 0, 0
L 691.4000, 248.8000, -85.8000,  638.7000, 195.5000, -85.8000,  0, 0, 0
L 638.7000, -37.2000, -85.7000,  638.7000, 195.5000, -85.7000,  0, 0, 0
L 638.7000, -37.2000, -85.7000,  643.0000, -42.8000, -85.7000,  0, 0, 0
L 643.0000, -42.8000, -85.7000,  696.5000, -95.7000, -85.7000,  0, 0, 0
L 696.5000, -95.7000, -85.7000,  700.5000, -96.3000, -85.7000,  0, 0, 0
L 700.5000, -96.3000, -85.7000,  723.7000, -96.4000, -86.5000,  0, 0, 0
L 723.7000, -96.4000, -86.5000,  729.6000, -99.4000, -85.7000,  0, 0, 0
L 729.6000, -99.4000, -85.7000,  730.8000, -101.8000, -84.0000,  0, 0, 0
L 730.8000, -101.8000, -84.0000,  719.7000, -138.5000, -78.1000,  0, 0, 0
L 719.7000, -138.5000, -78.1000,  719.7000, -153.5000, -77.7000,  0, 0, 0
L 719.7000, -153.5000, -77.3000,  726.3000, -155.1000, -83.1000,  0, 0, 0
L 726.3000, -155.1000, -83.1000,  729.3000, -162.7000, -82.2000,  0, 0, 0
L 729.3000, -162.7000, -82.2000,  725.6000, -170.6000, -83.2000,  0, 0, 0
L 725.6000, -170.6000, -83.2000,  720.4000, -172.3000, -77.7000,  0, 0, 0
L 720.4000, -172.3000, -77.7000,  720.4000, -186.3000, -78.3000,  0, 0, 0
L 720.4000, -186.3000, -78.2000,  675.2000, -186.3000, -78.3000,  0, 0, 0
L 675.2000, -186.3000, -78.3000,  675.2000, -231.1000, -76.4000,  0, 0, 0
L 675.2000, -231.1000, -76.4000,  783.0000, -231.2000, -76.4000,  0, 0, 0
L 783.0000, -231.2000, -76.4000,  786.1000, -224.0000, -83.5000,  0, 0, 0
L 786.1000, -224.0000, -83.5000,  792.1000, -221.5000, -82.4000,  0, 0, 0
L 792.1000, -221.5000, -82.4000,  799.5000, -224.0000, -83.3000,  0, 0, 0
L 799.5000, -224.0000, -83.3000,  801.5000, -229.8000, -76.5000,  0, 0, 0
L 801.5000, -229.8000, -76.5000,  901.5000, -230.0000, -88.5000,  0, 0, 0
L 901.5000, -230.0000, -88.5000,  901.6000, -250.8000, -90.3000,  0, 0, 0
L 901.6000, -250.8000, -89.9000,  907.6000, -252.6000, -95.6000,  0, 0, 0
L 907.6000, -252.6000, -95.6000,  910.5000, -258.1000, -94.9000,  0, 0, 0
L 910.5000, -258.1000, -94.9000,  908.4000, -262.4000, -94.3000,  0, 0, 0
L 908.4000, -262.4000, -94.3000,  902.4000, -265.5000, -92.6000,  0, 0, 0
L 902.4000, -265.5000, -92.6000,  902.5000, -375.7000, -92.3000,  0, 0, 0
L 902.5000, -375.7000, -92.3000,  946.7000, -375.7000, -96.5000,  0, 0, 0
L 946.7000, -375.7000, -96.5000,  946.7000, -331.3000, -90.8000,  0, 0, 0
L 946.7000, -331.3000, -90.8000,  962.9000, -331.3000, -90.2000,  0, 0, 0
L 962.9000, -331.3000, -90.2000,  965.5000, -325.3000, -95.0000,  0, 0, 0
L 965.5000, -325.3000, -95.0000,  970.1000, -323.2000, -95.0000,  0, 0, 0
L 970.1000, -323.2000, -95.0000,  975.8000, -324.4000, -94.7000,  0, 0, 0
L 975.8000, -324.4000, -94.7000,  978.8000, -331.8000, -92.7000,  0, 0, 0
L 978.8000, -331.8000, -92.7000,  1037.8999, -331.8000, -90.3000,  0, 0, 0
L 1037.8999, -331.8000, -90.1000,  1051.8999, -378.3000, -88.6000,  0, 0, 0
L 1051.8999, -378.3000, -88.6000,  1051.8999, -382.6000, -89.6000,  0, 0, 0
L 1051.8999, -382.6000, -89.6000,  958.7000, -382.7000, -89.8000,  0, 0, 0
L 958.7000, -382.7000, -89.9000,  958.7000, -521.9000, -89.8000,  0, 0, 0
L 958.7000, -521.9000, -89.9000,  1100.6000, -521.7000, -89.9000,  0, 0, 0
L 1100.6000, -521.7000, -89.8000,  1100.5000, -382.3000, -89.9000,  0, 0, 0
L 1100.5000, -382.3000, -89.7000,  1072.0000, -382.1000, -89.4000,  0, 0, 0
L 1072.0000, -382.1000, -89.4000,  1071.1000, -379.7000, -89.1000,  0, 0, 0
L 1071.1000, -379.7000, -89.1000,  1084.8999, -331.5000, -91.6000,  0, 0, 0
L 1084.8999, -331.5000, -91.6000,  1130.3999, -331.5000, -90.4000,  0, 0, 0
L 1130.3999, -331.5000, -90.4000,  1130.3999, -286.0000, -86.6000,  0, 0, 0
L 1130.3999, -286.0000, -86.6000,  981.1000, -286.2000, -89.3000,  0, 0, 0
L 981.1000, -286.2000, -89.3000,  978.4000, -294.4000, -95.2000,  0, 0, 0
L 978.4000, -294.4000, -95.2000,  971.9000, -296.6000, -94.9000,  0, 0, 0
L 971.9000, -296.6000, -94.9000,  964.7000, -293.6000, -95.8000,  0, 0, 0
L 964.7000, -293.6000, -95.8000,  962.6000, -288.2000, -91.9000,  0, 0, 0
L 962.6000, -288.2000, -91.9000,  946.2000, -288.2000, -91.6000,  0, 0, 0
L 946.2000, -288.2000, -90.9000,  946.2000, -268.5000, -86.3000,  0, 0, 0
L 946.2000, -268.5000, -86.3000,  939.9000, -266.2000, -95.8000,  0, 0, 0
L 939.9000, -266.2000, -95.8000,  936.7000, -259.8000, -94.8000,  0, 0, 0
L 936.7000, -259.8000, -94.8000,  939.5000, -252.5000, -95.8000,  0, 0, 0
L 939.5000, -252.5000, -95.8000,  944.7000, -250.7000, -89.5000,  0, 0, 0
L 944.7000, -250.7000, -89.5000,  944.5000, -130.4000, -95.5000,  0, 0, 0
L 944.5000, -130.4000, -95.5000,  1006.2000, -130.4000, -90.7000,  0, 0, 0
L 1006.2000, -130.4000, -90.7000,  1007.9000, -124.2000, -95.7000,  0, 0, 0
L 1007.9000, -124.2000, -95.7000,  1014.3000, -121.5000, -94.9000,  0, 0, 0
L 1014.3000, -121.5000, -94.9000,  1021.2000, -123.5000, -95.3000,  0, 0, 0
L 1021.2000, -123.5000, -95.3000,  1024.2000, -129.7000, -90.3000,  0, 0, 0
L 1024.2000, -129.7000, -90.3000,  1042.8999, -129.7000, -89.8000,  0, 0, 0
L 1042.8999, -129.7000, -89.8000,  1081.2000, -118.4000, -88.5000,  0, 0, 0
L 1081.2000, -118.4000, -88.3000,  1084.5000, -118.4000, -89.4000,  0, 0, 0
L 1084.5000, -118.4000, -89.4000,  1084.5000, -140.4000, -89.8000,  0, 0, 0
L 1084.5000, -140.4000, -89.8000,  1150.3999, -167.5000, -89.9000,  0, 0, 0
L 1150.3999, -167.5000, -89.9000,  1216.6000, -139.5000, -89.5000,  0, 0, 0
L 1216.8999, -70.1000, -89.5000,  1216.6000, -139.5000, -89.5000,  0, 0, 0
L 1216.8999, -70.1000, -89.5000,  1150.7000, -43.0000, -89.7000,  0, 0, 0
L 1150.7000, -43.0000, -89.7000,  1084.8999, -70.3000, -89.7000,  0, 0, 0
L 1084.8999, -70.3000, -89.7000,  1084.8999, -99.2000, -89.4000,  0, 0, 0
L 1084.8999, -99.2000, -89.4000,  1082.5000, -99.2000, -88.3000,  0, 0, 0
L 1082.5000, -99.2000, -88.3000,  1038.7000, -85.8000, -90.8000,  0, 0, 0
L 1038.7000, -85.8000, -90.8000,  1024.3999, -85.7000, -91.2000,  0, 0, 0
L 1024.3999, -85.7000, -91.2000,  1021.6000, -93.0000, -95.9000,  0, 0, 0
L 1021.6000, -93.0000, -95.9000,  1015.6000, -95.3000, -94.8000,  0, 0, 0
L 1015.6000, -95.3000, -94.9000,  1008.0000, -92.7000, -95.8000,  0, 0, 0
L 1008.0000, -92.7000, -95.8000,  1005.9000, -86.3000, -86.5000,  0, 0, 0
L 1005.9000, -86.3000, -86.5000,  947.9000, -86.2000, -90.9000,  0, 0, 0
L 947.9000, -86.2000, -90.8000,  948.1000, -24.1000, -97.0000,  0, 0, 0
L 948.1000, -24.1000, -97.0000,  940.3000, -21.2000, -108.2000,  0, 0, 0
L 940.3000, -21.2000, -108.2000,  938.4000, -15.3000, -107.2000,  0, 0, 0
L 938.4000, -15.3000, -107.2000,  941.9000, -7.9000, -108.8000,  0, 0, 0
L 941.9000, -7.9000, -108.8000,  947.9000, -5.9000, -101.3000,  0, 0, 0
L 947.9000, -5.9000, -101.3000,  947.9000, 9.6000, -102.6000,  0, 0, 0
L 947.9000, 9.6000, -102.6000,  1134.7999, 9.4000, -100.1000,  0, 0, 0
L 1134.7999, 9.4000, -100.1000,  1134.1000, 54.6000, -101.9000,  0, 0, 0
L 1134.1000, 54.6000, -101.9000,  1047.7999, 54.5000, -99.3000,  0, 0, 0
L 1047.7999, 54.5000, -99.3000,  1048.0000, 61.6000, -103.5000,  0, 0, 0
L 1048.0000, 61.6000, -103.5000,  1037.6000, 97.8000, -100.3000,  0, 0, 0
L 1037.6000, 97.8000, -100.3000,  1032.7999, 101.0000, -99.0000,  0, 0, 0
L 1032.8999, 102.4000, -99.7000,  1032.7999, 101.0000, -99.0000,  0, 0, 0
L 1032.8999, 102.4000, -99.7000,  1034.1000, 104.0000, -99.7000,  0, 0, 0
L 1034.1000, 104.0000, -99.7000,  1034.1000, 111.5000, -98.6000,  0, 0, 0
L 1034.1000, 111.5000, -98.6000,  1041.7999, 111.6000, -99.7000,  0, 0, 0
L 1041.7999, 111.6000, -99.7000,  1041.7999, 106.1000, -97.4000,  0, 0, 0
L 1111.6000, 106.1000, -99.3000,  1041.7999, 106.1000, -97.4000,  0, 0, 0
L 1111.6000, 106.1000, -99.3000,  1111.7000, 163.1000, -99.3000,  0, 0, 0
L 1111.7000, 163.1000, -99.3000,  1168.7999, 163.0000, -99.3000,  0, 0, 0
L 1168.7999, 163.0000, -99.3000,  1208.7000, 202.8000, -99.3000,  0, 0, 0
L 1208.7000, 202.8000, -99.3000,  1167.8999, 242.7000, -99.3000,  0, 0, 0
L 1167.8999, 242.7000, -99.3000,  1055.5000, 242.8000, -94.3000,  0, 0, 0
L 1055.5000, 242.8000, -94.3000,  1015.1000, 202.4000, -98.2000,  0, 0, 0
L 1001.4000, 202.4000, -94.8000,  1015.1000, 202.4000, -98.2000,  0, 0, 0
L 1001.4000, 202.4000, -94.8000,  1001.4000, 197.1000, -100.4000,  0, 0, 0
L 1001.4000, 197.1000, -100.2000,  994.7000, 197.3000, -100.1000,  0, 0, 0
L 994.6000, 207.9000, -99.9000,  994.7000, 197.3000, -100.1000,  0, 0, 0
L 994.6000, 207.9000, -99.9000,  998.7000, 211.6000, -100.3000,  0, 0, 0
L 998.7000, 211.6000, -100.3000,  1010.8000, 246.9000, -102.9000,  0, 0, 0
L 1010.8000, 246.9000, -102.9000,  1010.0000, 295.6000, -115.3000,  0, 0, 0
L 1010.0000, 295.6000, -115.3000,  1112.5000, 295.5000, -112.6000,  0, 0, 0
L 1112.5000, 295.5000, -112.6000,  1115.7999, 302.5000, -118.8000,  0, 0, 0
L 1115.7999, 302.5000, -118.8000,  1120.8999, 304.2000, -118.9000,  0, 0, 0
L 1120.8999, 304.2000, -118.9000,  1128.2999, 302.6000, -119.6000,  0, 0, 0
L 1128.2999, 302.6000, -119.6000,  1130.6000, 296.2000, -113.4000,  0, 0, 0
L 1130.6000, 296.2000, -113.4000,  1238.7999, 296.3000, -114.6000,  0, 0, 0
L 1238.7999, 296.3000, -114.6000,  1238.7000, 341.4000, -114.5000,  0, 0, 0
L 1238.7000, 341.4000, -114.5000,  1194.0000, 341.0000, -114.8000,  0, 0, 0
L 1194.0000, 341.0000, -114.8000,  1193.8999, 389.3000, -113.3000,  0, 0, 0
L 1193.8999, 389.3000, -113.3000,  1182.7999, 425.3000, -112.6000,  0, 0, 0
L 1182.7999, 425.3000, -112.6000,  1178.7000, 428.7000, -112.3000,  0, 0, 0
L 1178.7000, 428.7000, -112.3000,  1178.7000, 430.8000, -112.1000,  0, 0, 0
L 1178.7000, 430.8000, -112.1000,  1179.8999, 431.8000, -112.9000,  0, 0, 0
L 1179.8999, 431.8000, -112.9000,  1179.7999, 439.6000, -111.6000,  0, 0, 0
L 1179.7999, 439.6000, -111.6000,  1187.6000, 439.6000, -111.6000,  0, 0, 0
L 1187.6000, 439.6000, -111.6000,  1187.6000, 434.2000, -106.7000,  0, 0, 0
L 1200.8999, 434.3000, -111.6000,  1187.6000, 434.3000, -106.6000,  0, 0, 0
L 1200.8999, 434.3000, -111.6000,  1241.2999, 474.5000, -111.6000,  0, 0, 0
L 1297.7999, 474.6000, -111.6000,  1241.2999, 474.5000, -111.6000,  0, 0, 0
L 1297.7999, 474.6000, -111.6000,  1297.7999, 487.5000, -109.2000,  0, 0, 0
L 1297.7999, 487.5000, -109.2000,  1292.5000, 487.5000, -111.5000,  0, 0, 0
L 1292.5000, 487.5000, -111.6000,  1292.5000, 496.2000, -111.6000,  0, 0, 0
L 1292.5000, 496.2000, -111.3000,  1303.2000, 496.2000, -111.3000,  0, 0, 0
L 1303.2000, 496.2000, -111.3000,  1306.8999, 491.7000, -112.6000,  0, 0, 0
L 1306.8999, 491.7000, -112.6000,  1342.2999, 480.3000, -115.2000,  0, 0, 0
L 1342.2999, 480.3000, -115.2000,  1390.6000, 480.4000, -124.9000,  0, 0, 0
L 1390.6000, 480.4000, -124.9000,  1390.5000, 377.8000, -122.5000,  0, 0, 0
L 1390.5000, 377.8000, -122.5000,  1399.6000, 374.6000, -131.9000,  0, 0, 0
L 1399.6000, 374.6000, -131.9000,  1401.2000, 368.0000, -131.5000,  0, 0, 0
L 1401.2000, 368.0000, -131.5000,  1399.8999, 362.7000, -131.9000,  0, 0, 0
L 1399.8999, 362.7000, -131.9000,  1390.2999, 359.3000, -122.3000,  0, 0, 0
L 1390.2999, 359.3000, -122.3000,  1390.3999, 205.6000, -123.3000,  0, 0, 0
L 1390.3999, 205.6000, -125.4000,  1403.6000, 164.7000, -124.4000,  0, 0, 0
L 1400.7000, 159.3000, -132.2000,  1375.1000, 159.3000, -132.2000,  0, 0, 0
L 1375.0000, 19.2000, -132.3000,  1375.1000, 159.3000, -132.2000,  0, 0, 0
L 1404.7999, 158.2000, -132.7000,  1401.7999, 152.8000, -132.8000,  150, 150, 150
L 1427.2999, 147.5000, -132.8000,  1424.7999, 152.9000, -132.9000,  150, 150, 150
L 1517.5000, 19.3000, -132.4000,  1375.0000, 19.2000, -132.2000,  0, 0, 0
L 1517.2000, 64.4000, -132.2000,  1517.1000, 159.5000, -132.3000,  0, 0, 0
L 1505.2999, 38.0000, -132.2000,  1510.5000, 40.5000, -132.2000,  150, 150, 150
L 1515.7000, 43.1000, -132.2000,  1517.7000, 39.8000, -132.2000,  0, 0, 0
L 1517.7000, 39.8000, -132.2000,  1517.5000, 19.3000, -132.3000,  0, 0, 0
L 1505.3999, 66.4000, -132.2000,  1510.6000, 63.4000, -132.2000,  150, 150, 150
L 1515.7999, 60.5000, -132.2000,  1517.2000, 64.4000, -132.2000,  0, 0, 0
L 1525.2999, 40.4000, -125.6000,  1522.1000, 42.3000, -125.2000,  0, 0, 0
L 1522.1000, 42.3000, -125.2000,  1519.1000, 42.2000, -125.6000,  0, 0, 0
L 1519.1000, 42.2000, -125.6000,  1517.0000, 39.9000, -132.2000,  0, 0, 0
L 1521.8999, 61.6000, -124.3000,  1520.6000, 61.6000, -124.3000,  0, 0, 0
L 1520.6000, 61.6000, -124.3000,  1517.2000, 64.3000, -132.2000,  0, 0, 0
L 1525.2999, 40.4000, -125.6000,  1563.8999, 29.2000, -127.7000,  0, 0, 0
L 1563.8999, 29.2000, -127.7000,  1573.7000, 34.3000, -130.8000,  0, 0, 0
L 1573.7000, 34.3000, -130.8000,  1579.5000, 42.5000, -132.0000,  0, 0, 0
L 1579.5000, 42.5000, -132.0000,  1585.7000, 42.5000, -132.0000,  0, 0, 0
L 1585.7000, 42.5000, -132.0000,  1590.8999, 34.5000, -131.3000,  0, 0, 0
L 1590.8999, 34.5000, -131.3000,  1600.2999, 29.4000, -127.7000,  0, 0, 0
L 1600.2999, 29.4000, -127.7000,  1643.2999, 40.6000, -133.2000,  0, 0, 0
L 1643.2999, 40.6000, -133.7000,  1647.0000, 40.6000, -133.7000,  0, 0, 0
L 1647.0000, 40.6000, -134.6000,  1650.7999, 33.2000, -134.6000,  0, 0, 0
L 1650.7999, 33.2000, -134.6000,  1650.7999, 13.2000, -134.6000,  0, 0, 0
L 1650.7999, 13.2000, -134.6000,  1665.1000, -1.3000, -134.6000,  0, 0, 0
L 1665.1000, -1.3000, -134.6000,  1665.2000, -76.0000, -134.6000,  0, 0, 0
L 1665.2000, -76.0000, -134.6000,  1678.6000, -89.4000, -134.6000,  0, 0, 0
L 1753.2000, -89.4000, -134.6000,  1678.6000, -89.4000, -134.6000,  0, 0, 0
L 1753.2000, -89.4000, -134.6000,  1768.0000, -104.1000, -134.6000,  0, 0, 0
L 1918.6000, -103.8000, -134.6000,  1767.7999, -104.0000, -134.6000,  0, 0, 0
L 1918.6000, -103.8000, -134.6000,  1931.2000, -91.2000, -134.6000,  0, 0, 0
L 1931.2000, -91.2000, -134.6000,  1931.2000, -16.6000, -134.6000,  0, 0, 0
L 1931.2000, -16.6000, -134.6000,  1946.6000, -1.3000, -134.6000,  0, 0, 0
L 1946.6000, -1.3000, -134.6000,  2021.8999, -1.3000, -134.6000,  0, 0, 0
L 2021.8999, -1.3000, -134.6000,  2035.0000, 15.3000, -134.6000,  0, 0, 0
L 2035.0000, 15.3000, -134.6000,  2035.0000, 90.8000, -134.6000,  0, 0, 0
L 2035.0000, 90.8000, -134.6000,  2022.2999, 103.4000, -134.6000,  0, 0, 0
L 2022.2999, 103.4000, -134.6000,  1947.0000, 103.4000, -134.6000,  0, 0, 0
L 1947.0000, 103.4000, -134.6000,  1931.6000, 118.8000, -134.6000,  0, 0, 0
L 1931.6000, 118.8000, -134.6000,  1931.5000, 193.5000, -134.6000,  0, 0, 0
L 1931.5000, 193.5000, -134.6000,  1918.5000, 206.5000, -134.6000,  0, 0, 0
L 1918.5000, 206.5000, -134.6000,  1768.3999, 206.4000, -134.6000,  0, 0, 0
L 1768.3999, 206.4000, -134.6000,  1753.6000, 191.6000, -134.6000,  0, 0, 0
L 1753.6000, 191.6000, -134.6000,  1678.8999, 191.6000, -134.6000,  0, 0, 0
L 1678.8999, 191.6000, -134.6000,  1665.5000, 177.4000, -134.6000,  0, 0, 0
L 1665.5000, 177.4000, -134.6000,  1665.6000, 102.9000, -134.6000,  0, 0, 0
L 1665.6000, 102.9000, -134.6000,  1650.8999, 88.2000, -134.6000,  0, 0, 0
L 1650.8999, 88.2000, -134.6000,  1651.0000, 70.2000, -134.6000,  0, 0, 0
L 1651.0000, 70.2000, -134.6000,  1647.0000, 62.5000, -134.6000,  0, 0, 0
L 1647.0000, 62.5000, -133.7000,  1643.7999, 62.5000, -133.7000,  0, 0, 0
L 1643.7999, 62.5000, -133.5000,  1603.2000, 75.8000, -123.4000,  0, 0, 0
L 1603.2000, 75.8000, -123.7000,  1590.8999, 68.6000, -131.0000,  0, 0, 0
L 1590.8999, 68.6000, -131.0000,  1585.2999, 60.5000, -132.0000,  0, 0, 0
L 1585.2999, 60.5000, -132.0000,  1579.3999, 60.4000, -130.7000,  0, 0, 0
L 1579.3999, 60.4000, -132.4000,  1574.0000, 68.5000, -131.0000,  0, 0, 0
L 1574.0000, 68.5000, -131.0000,  1564.7999, 74.4000, -123.2000,  0, 0, 0
L 1564.7999, 74.4000, -123.2000,  1521.8999, 61.6000, -124.7000,  0, 0, 0
L 1736.3999, 70.3000, -134.4000,  1877.2999, 71.0000, -134.6000,  139, 69, 19
L 1877.2999, 67.3000, -134.6000,  1877.2999, 71.4000, -134.6000,  0, 0, 0
L 1881.5000, 71.4000, -134.6000,  1877.2999, 71.4000, -134.6000,  0, 0, 0
L 1881.5000, 71.4000, -134.6000,  1881.5000, 67.3000, -134.6000,  0, 0, 0
L 1881.5000, 67.3000, -134.6000,  1877.2999, 67.3000, -134.6000,  0, 0, 0
L 1877.2999, 67.9000, -134.0000,  1736.3999, 67.9000, -134.3000,  139, 69, 19
L 1736.3999, 67.3000, -134.3000,  1736.3999, 71.4000, -134.4000,  0, 0, 0
L 1736.3999, 71.4000, -134.3000,  1732.2000, 71.4000, -134.3000,  0, 0, 0
L 1732.2000, 67.3000, -134.2000,  1732.2000, 71.4000, -134.2000,  0, 0, 0
L 1736.3999, 67.3000, -134.2000,  1732.2000, 67.3000, -134.2000,  0, 0, 0
L 1736.3999, 49.3000, -134.9000,  1732.1000, 49.3000, -134.9000,  0, 0, 0
L 1732.1000, 49.3000, -135.2000,  1732.1000, 45.2000, -135.4000,  0, 0, 0
L 1736.3999, 45.2000, -135.2000,  1732.1000, 45.2000, -135.1000,  0, 0, 0
L 1736.3999, 45.2000, -134.9000,  1736.3999, 46.6000, -134.9000,  0, 0, 0
L 1736.3999, 46.6000, -134.9000,  1736.3999, 49.3000, -134.9000,  0, 0, 0
L 1736.3999, 46.6000, -134.9000,  1877.2999, 46.6000, -134.7000,  139, 69, 19
L 1877.2999, 49.3000, -134.7000,  1877.2999, 45.2000, -134.7000,  0, 0, 0
L 1877.2999, 45.2000, -134.8000,  1881.5000, 45.2000, -134.7000,  0, 0, 0
L 1881.5000, 45.2000, -134.7000,  1881.5000, 49.3000, -134.7000,  0, 0, 0
L 1877.2999, 49.3000, -134.7000,  1881.5000, 49.3000, -134.7000,  0, 0, 0
L 1877.2999, 48.7000, -134.0000,  1736.3999, 48.7000, -134.3000,  139, 69, 19
L 1765.7999, 46.6000, -134.7000,  1765.7000, 30.2000, -135.6000,  150, 150, 150
L 1765.7000, 30.2000, -135.6000,  1775.7000, 19.1000, -135.5000,  150, 150, 150
L 1775.7000, 19.1000, -135.5000,  1836.6000, 19.1000, -135.5000,  150, 150, 150
L 1836.6000, 19.1000, -134.9000,  1846.7000, 27.2000, -134.4000,  150, 150, 150
L 1846.7000, 27.2000, -134.4000,  1846.7000, 46.6000, -135.7000,  150, 150, 150
L 1765.7000, 86.6000, -135.4000,  1765.7000, 70.9000, -135.1000,  150, 150, 150
L 1765.7000, 86.6000, -135.8000,  1775.7999, 96.6000, -135.1000,  150, 150, 150
L 1775.7999, 96.6000, -135.1000,  1839.5000, 96.7000, -134.6000,  150, 150, 150
L 1839.5000, 96.7000, -134.6000,  1847.7000, 88.4000, -134.7000,  150, 150, 150
L 1847.7000, 88.4000, -134.7000,  1847.1000, 70.1000, -135.7000,  150, 150, 150
L 1423.0000, 163.2000, -125.0000,  1425.2000, 159.3000, -132.2000,  0, 0, 0
L 1425.2999, 159.4000, -132.2000,  1422.3999, 158.3000, -132.1000,  0, 0, 0
L 1425.2999, 159.4000, -132.2000,  1517.1000, 159.5000, -132.2000,  0, 0, 0
L 1403.6000, 162.3000, -124.4000,  1400.7000, 159.3000, -132.1000,  0, 0, 0
L 1401.0000, 159.6000, -132.1000,  1404.7999, 158.1000, -132.8000,  0, 0, 0
L 1403.6000, 164.7000, -124.2000,  1403.6000, 162.3000, -124.2000,  0, 0, 0
L 1423.0000, 163.2000, -125.3000,  1436.2000, 204.2000, -127.6000,  0, 0, 0
L 1436.2000, 204.2000, -127.2000,  1436.2000, 296.3000, -128.2000,  0, 0, 0
L 1436.2000, 296.3000, -126.2000,  1484.7000, 296.4000, -125.7000,  0, 0, 0
L 1526.8999, 309.6000, -125.2000,  1527.7000, 309.6000, -125.7000,  0, 0, 0
L 784.3000, 542.9000, -46.3000,  782.1000, 542.9000, -46.4000,  0, 0, 0
L 782.1000, 542.9000, -46.4000,  744.1000, 528.5000, -40.5000,  0, 0, 0
L 784.3000, 542.9000, -46.3000,  786.8000, 539.6000, -46.9000,  0, 0, 0
L 744.1000, 528.5000, -40.5000,  658.7000, 528.4000, -65.3000,  0, 0, 0
L 658.7000, 528.4000, -64.9000,  658.7000, 511.4000, -62.8000,  0, 0, 0
L 658.7000, 511.4000, -62.8000,  651.9000, 509.7000, -70.7000,  0, 0, 0
L 651.9000, 509.7000, -70.7000,  649.7000, 502.3000, -69.7000,  0, 0, 0
L 649.7000, 502.3000, -69.7000,  652.2000, 495.0000, -70.6000,  0, 0, 0
L 652.2000, 495.0000, -70.6000,  659.4000, 493.2000, -60.7000,  0, 0, 0
L 659.4000, 493.2000, -60.7000,  659.5000, 390.6000, -78.4000,  0, 0, 0
L 659.5000, 390.6000, -78.4000,  674.6000, 390.6000, -72.4000,  0, 0, 0
L 674.6000, 390.6000, -72.4000,  676.6000, 384.8000, -83.3000,  0, 0, 0
L 676.6000, 384.8000, -83.3000,  684.8000, 381.7000, -82.4000,  0, 0, 0
L 684.8000, 381.7000, -82.4000,  690.3000, 384.0000, -83.4000,  0, 0, 0
L 690.3000, 384.0000, -83.4000,  693.0000, 391.3000, -72.2000,  0, 0, 0
L 693.0000, 391.3000, -72.2000,  802.7000, 391.3000, -75.3000,  0, 0, 0
L 802.0000, 346.8000, -75.2000,  802.2000, 391.3000, -75.6000,  0, 0, 0
L 802.0000, 346.8000, -75.2000,  756.6000, 346.9000, -78.1000,  0, 0, 0
L 756.6000, 346.9000, -78.1000,  756.5000, 331.2000, -75.3000,  0, 0, 0
L 756.5000, 331.2000, -75.3000,  749.9000, 329.7000, -83.2000,  0, 0, 0
L 749.9000, 329.7000, -83.2000,  746.8000, 322.4000, -82.2000,  0, 0, 0
L 746.8000, 322.4000, -82.2000,  749.8000, 314.7000, -83.1000,  0, 0, 0
L 749.8000, 314.7000, -83.1000,  757.8000, 313.0000, -73.6000,  0, 0, 0
L 757.6000, 297.2000, -73.9000,  757.8000, 313.0000, -73.6000,  0, 0, 0
L 757.5000, 297.2000, -73.9000,  744.9000, 260.2000, -84.0000,  0, 0, 0
L 744.9000, 260.2000, -84.0000,  744.9000, 258.7000, -84.5000,  0, 0, 0
L 744.9000, 258.7000, -84.5000,  746.6000, 256.2000, -85.7000,  0, 0, 0
L 746.6000, 256.2000, -85.7000,  752.5000, 253.0000, -86.4000,  0, 0, 0
L 752.5000, 253.0000, -86.4000,  773.2000, 252.9000, -85.9000,  0, 0, 0
L 773.2000, 252.9000, -85.9000,  778.6000, 249.7000, -85.8000,  0, 0, 0
L 778.6000, 249.7000, -85.8000,  837.5000, 190.3000, -85.7000,  0, 0, 0
L 837.5000, 190.3000, -85.6000,  837.5000, -38.7000, -85.7000,  0, 0, 0
L 837.5000, -38.7000, -85.7000,  778.8000, -96.3000, -85.7000,  0, 0, 0
L 760.9000, -96.2000, -85.7000,  778.8000, -96.3000, -85.7000,  0, 0, 0
L 760.9000, -96.2000, -85.7000,  755.3000, -99.2000, -85.7000,  0, 0, 0
L 755.3000, -99.2000, -85.7000,  753.5000, -101.4000, -84.7000,  0, 0, 0
L 753.5000, -101.4000, -84.7000,  764.3000, -138.2000, -78.2000,  0, 0, 0
L 764.3000, -138.2000, -78.2000,  764.4000, -153.4000, -72.6000,  0, 0, 0
L 764.4000, -153.4000, -72.6000,  757.8000, -155.1000, -83.2000,  0, 0, 0
L 757.8000, -155.1000, -83.2000,  754.9000, -162.4000, -82.2000,  0, 0, 0
L 754.9000, -162.4000, -82.2000,  757.7000, -169.8000, -83.2000,  0, 0, 0
L 757.7000, -169.8000, -83.2000,  765.1000, -171.5000, -72.6000,  0, 0, 0
L 765.1000, -171.5000, -72.6000,  765.2000, -186.2000, -78.0000,  0, 0, 0
L 765.2000, -186.2000, -78.0000,  901.9000, -186.9000, -90.1000,  0, 0, 0
L 901.9000, -186.9000, -90.1000,  902.8000, -24.8000, -98.3000,  0, 0, 0
L 902.8000, -24.8000, -98.3000,  909.6000, -22.8000, -108.9000,  0, 0, 0
L 909.6000, -22.8000, -108.9000,  912.5000, -15.7000, -107.2000,  0, 0, 0
L 912.5000, -15.7000, -107.2000,  909.4000, -8.2000, -108.4000,  0, 0, 0
L 909.4000, -8.2000, -108.4000,  902.5000, -6.2000, -98.1000,  0, 0, 0
L 902.5000, -6.2000, -98.1000,  902.5000, 24.3000, -102.5000,  0, 0, 0
L 902.5000, 24.3000, -102.5000,  908.4000, 43.5000, -98.4000,  0, 0, 0
L 908.4000, 43.5000, -98.4000,  930.2000, 55.5000, -98.8000,  0, 0, 0
L 930.2000, 55.5000, -98.8000,  1003.3000, 55.2000, -97.9000,  0, 0, 0
L 1003.0000, 61.5000, -102.9000,  1003.3000, 55.2000, -97.9000,  0, 0, 0
L 1003.0000, 61.7000, -102.9000,  1014.5000, 97.2000, -100.3000,  0, 0, 0
L 1014.5000, 97.2000, -100.3000,  1018.4000, 100.6000, -99.5000,  0, 0, 0
L 1018.4000, 100.6000, -99.5000,  1018.4000, 103.0000, -99.4000,  0, 0, 0
L 1018.4000, 103.0000, -99.4000,  1017.6000, 103.5000, -99.8000,  0, 0, 0
L 1017.6000, 103.5000, -99.8000,  1017.6000, 111.3000, -99.6000,  0, 0, 0
L 1017.6000, 111.3000, -99.5000,  1011.7000, 111.4000, -99.6000,  0, 0, 0
L 1011.7000, 111.4000, -99.6000,  1011.7000, 106.1000, -94.8000,  0, 0, 0
L 1011.7000, 106.1000, -94.8000,  998.4000, 106.1000, -99.3000,  0, 0, 0
L 998.4000, 106.1000, -99.3000,  958.4000, 146.0000, -99.3000,  0, 0, 0
L 958.4000, 146.0000, -99.3000,  958.3000, 202.3000, -99.3000,  0, 0, 0
L 971.3000, 202.3000, -94.4000,  971.3000, 197.2000, -99.9000,  0, 0, 0
L 958.3000, 202.3000, -99.3000,  971.3000, 202.3000, -94.3000,  0, 0, 0
L 971.3000, 197.2000, -99.9000,  979.0000, 197.1000, -99.9000,  0, 0, 0
L 980.2000, 208.2000, -99.9000,  980.2000, 205.9000, -99.8000,  0, 0, 0
L 979.0000, 204.8000, -99.8000,  980.2000, 205.9000, -99.8000,  0, 0, 0
L 979.0000, 204.8000, -99.8000,  979.0000, 197.1000, -99.9000,  0, 0, 0
L 980.2000, 208.2000, -99.9000,  976.9000, 211.4000, -100.3000,  0, 0, 0
L 976.9000, 211.4000, -100.3000,  965.1000, 246.5000, -102.6000,  0, 0, 0
L 965.1000, 246.5000, -102.6000,  965.0000, 312.3000, -115.4000,  0, 0, 0
L 965.0000, 312.3000, -115.4000,  970.8000, 328.5000, -114.6000,  0, 0, 0
L 970.8000, 328.5000, -114.6000,  986.9000, 339.0000, -114.1000,  0, 0, 0
L 986.9000, 339.0000, -114.1000,  1112.7999, 338.9000, -114.0000,  0, 0, 0
L 1112.7999, 338.9000, -114.0000,  1114.2000, 334.0000, -120.5000,  0, 0, 0
L 1114.2000, 334.0000, -120.5000,  1122.1000, 331.1000, -119.1000,  0, 0, 0
L 1122.1000, 331.1000, -119.1000,  1128.2999, 333.7000, -120.1000,  0, 0, 0
L 1128.2999, 333.7000, -120.1000,  1130.6000, 341.2000, -108.9000,  0, 0, 0
L 1130.6000, 341.2000, -108.9000,  1149.3999, 341.3000, -115.1000,  0, 0, 0
L 1149.3999, 341.3000, -115.1000,  1149.0000, 390.4000, -115.5000,  0, 0, 0
L 1149.0000, 390.4000, -115.5000,  1160.2000, 425.2000, -112.6000,  0, 0, 0
L 1160.2000, 425.2000, -112.6000,  1164.2000, 428.8000, -112.1000,  0, 0, 0
L 1164.2000, 428.8000, -112.1000,  1164.2999, 431.2000, -111.7000,  0, 0, 0
L 1164.2999, 431.2000, -111.7000,  1163.3999, 431.6000, -112.1000,  0, 0, 0
L 1163.3999, 431.6000, -112.1000,  1163.3999, 439.5000, -111.6000,  0, 0, 0
L 1163.3999, 439.5000, -111.6000,  1157.5000, 439.5000, -111.6000,  0, 0, 0
L 1157.5000, 434.3000, -106.5000,  1157.5000, 439.5000, -111.6000,  0, 0, 0
L 1157.5000, 434.3000, -106.4000,  1144.1000, 434.4000, -111.6000,  0, 0, 0
L 1144.1000, 434.4000, -111.6000,  1104.1000, 474.4000, -111.6000,  0, 0, 0
L 1104.1000, 474.4000, -111.6000,  1104.2999, 588.8000, -111.6000,  0, 0, 0
L 1104.2999, 588.8000, -111.6000,  1144.2999, 627.9000, -111.6000,  0, 0, 0
L 1144.2999, 627.9000, -111.6000,  1257.8999, 627.8000, -111.6000,  0, 0, 0
L 1297.7000, 517.6000, -111.6000,  1292.3999, 517.6000, -111.6000,  0, 0, 0
L 1292.3999, 517.6000, -111.6000,  1292.3999, 511.4000, -110.9000,  0, 0, 0
L 1301.2000, 510.7000, -111.3000,  1300.5000, 511.4000, -112.2000,  0, 0, 0
L 1300.5000, 511.4000, -112.2000,  1292.3999, 511.4000, -110.9000,  0, 0, 0
L 1301.2000, 510.7000, -111.3000,  1303.1000, 510.7000, -111.3000,  0, 0, 0
L 1303.1000, 510.7000, -111.3000,  1306.7000, 514.3000, -112.6000,  0, 0, 0
L 1306.7000, 514.3000, -112.6000,  1343.8999, 525.6000, -111.4000,  0, 0, 0
L 1343.8999, 525.6000, -111.4000,  1402.8999, 526.3000, -125.6000,  0, 0, 0
L 1402.8999, 526.3000, -125.6000,  1425.2000, 519.8000, -122.3000,  0, 0, 0
L 1425.2000, 519.8000, -122.3000,  1436.7999, 498.2000, -122.6000,  0, 0, 0
L 1436.7999, 498.2000, -122.6000,  1436.6000, 378.3000, -123.6000,  0, 0, 0
L 1436.6000, 378.3000, -121.1000,  1429.2999, 376.6000, -132.3000,  0, 0, 0
L 1429.2999, 376.6000, -132.3000,  1426.2999, 368.7000, -131.4000,  0, 0, 0
L 1426.2999, 368.7000, -131.4000,  1429.2999, 362.7000, -132.4000,  0, 0, 0
L 1429.2999, 362.7000, -132.4000,  1436.6000, 359.7000, -121.2000,  0, 0, 0
L 1436.6000, 359.7000, -121.2000,  1436.6000, 341.4000, -122.3000,  0, 0, 0
L 1436.6000, 341.4000, -127.4000,  1485.2999, 341.6000, -127.6000,  0, 0, 0
L 1485.2999, 341.6000, -127.6000,  1526.2000, 328.4000, -124.4000,  0, 0, 0
L 1526.2000, 328.4000, -124.4000,  1528.6000, 328.4000, -124.4000,  0, 0, 0
L 1528.6000, 328.4000, -124.6000,  1531.6000, 331.2000, -126.0000,  0, 0, 0
L 1531.5000, 357.7000, -126.3000,  1531.6000, 331.2000, -126.0000,  0, 0, 0
L 1531.5000, 357.7000, -126.2000,  1623.7999, 357.8000, -126.1000,  0, 0, 0
L 1645.7000, 357.6000, -126.3000,  1671.7999, 357.7000, -126.3000,  0, 0, 0
L 1671.8999, 287.4000, -126.3000,  1671.7999, 357.7000, -126.3000,  0, 0, 0
L 1671.1000, 286.8000, -126.3000,  1531.2000, 287.0000, -126.3000,  0, 0, 0
L 1531.2000, 287.0000, -126.4000,  1531.1000, 306.9000, -126.1000,  0, 0, 0
L 1531.1000, 306.9000, -126.2000,  1527.7000, 309.6000, -125.2000,  0, 0, 0
L 1484.7000, 296.4000, -125.7000,  1526.8999, 309.6000, -125.2000,  0, 0, 0
L 1647.2999, 377.9000, -132.2000,  1644.6000, 372.7000, -132.2000,  150, 150, 150
L 1641.8999, 367.5000, -132.3000,  1645.6000, 366.3000, -132.3000,  0, 0, 0
L 1645.6000, 366.3000, -132.3000,  1741.1000, 366.1000, -132.3000,  0, 0, 0
L 1619.2999, 378.5000, -132.2000,  1621.8999, 373.1000, -132.2000,  150, 150, 150
L 1624.5000, 367.7000, -132.3000,  1621.2000, 366.4000, -132.3000,  0, 0, 0
L 1621.2000, 366.4000, -132.3000,  1600.3999, 366.2000, -132.3000,  0, 0, 0
L 1623.7999, 362.4000, -125.0000,  1621.2999, 366.4000, -132.3000,  0, 0, 0
L 1623.7999, 362.4000, -125.0000,  1623.7999, 357.8000, -125.1000,  0, 0, 0
L 1643.3999, 364.2000, -124.4000,  1643.3999, 360.9000, -124.4000,  0, 0, 0
L 1643.3999, 360.9000, -124.6000,  1645.7000, 357.6000, -126.8000,  0, 0, 0
L 1643.3999, 364.2000, -125.3000,  1645.7000, 366.2000, -132.3000,  0, 0, 0
L 1741.1000, 366.1000, -132.3000,  1741.2000, 457.2000, -132.2000,  0, 0, 0
L 1741.2000, 457.2000, -132.2000,  1739.3999, 461.5000, -132.2000,  0, 0, 0
L 1739.3999, 461.5000, -132.2000,  1734.3999, 458.9000, -132.2000,  150, 150, 150
L 1729.3999, 483.8000, -132.2000,  1734.7000, 481.1000, -132.2000,  150, 150, 150
L 1739.6000, 478.6000, -132.2000,  1740.7999, 482.8000, -132.2000,  0, 0, 0
L 1740.8999, 482.6000, -132.2000,  1740.7999, 508.7000, -132.3000,  0, 0, 0
L 1743.0000, 479.7000, -125.2000,  1740.8999, 482.6000, -132.3000,  0, 0, 0
L 1744.2999, 460.3000, -125.4000,  1740.7999, 458.2000, -132.2000,  0, 0, 0
L 1740.7999, 508.7000, -132.3000,  1600.3999, 508.5000, -132.3000,  0, 0, 0
L 1600.3999, 366.2000, -132.4000,  1600.3999, 508.5000, -132.3000,  0, 0, 0
L 1747.2999, 479.7000, -124.3000,  1743.0000, 479.7000, -124.3000,  0, 0, 0
L 1744.2999, 460.3000, -125.7000,  1746.7000, 460.3000, -125.1000,  0, 0, 0
L 1746.7000, 460.3000, -125.6000,  1749.3999, 458.8000, -126.1000,  0, 0, 0
L 1749.3999, 437.5000, -126.2000,  1749.3999, 458.8000, -126.5000,  0, 0, 0
L 1749.3999, 437.5000, -126.4000,  1820.7999, 437.5000, -126.3000,  0, 0, 0
L 1820.7999, 437.5000, -126.3000,  1820.6000, 508.9000, -126.1000,  0, 0, 0
L 1820.6000, 508.9000, -126.2000,  1749.7999, 508.9000, -126.3000,  0, 0, 0
L 1749.7000, 482.6000, -125.8000,  1749.7999, 508.9000, -124.5000,  0, 0, 0
L 1749.7000, 482.6000, -125.9000,  1747.2999, 479.7000, -125.2000,  0, 0, 0
L 804.9000, 184.0000, -92.6000,  784.9000, 209.7000, -90.3000,  0, 0, 255
L 784.9000, 209.7000, -90.3000,  752.5000, 253.0000, -86.4000,  150, 150, 150
L 715.6000, 253.2000, -86.4000,  687.5000, 209.7000, -90.3000,  150, 150, 150
L 687.5000, 209.7000, -90.3000,  670.3000, 183.4000, -92.6000,  0, 0, 255
L 804.9000, 184.0000, -92.6000,  805.4000, -27.6000, -92.6000,  0, 0, 255
L 805.4000, -27.6000, -92.6000,  788.8000, -52.7000, -90.3000,  0, 0, 255
L 788.8000, -52.7000, -90.3000,  760.9000, -96.2000, -85.7000,  150, 150, 150
L 788.8000, -52.7000, -90.3000,  691.2000, -52.7000, -90.3000,  0, 0, 255
L 671.4000, -26.2000, -92.6000,  670.7000, 183.6000, -92.6000,  0, 0, 255
L 671.4000, -26.2000, -92.6000,  691.1000, -52.7000, -90.3000,  0, 0, 255
L 691.1000, -52.7000, -90.3000,  723.7000, -96.4000, -86.5000,  150, 150, 150
L 687.4000, 209.5000, -90.3000,  784.9000, 209.7000, -90.3000,  0, 0, 255
L 1809.8999, 96.7000, -134.8000,  1809.8999, 206.5000, -134.7000,  150, 150, 150
L 1803.7999, 206.5000, -134.6000,  1803.2999, 96.6000, -134.1000,  150, 150, 150
L 1987.2999, 103.4000, -134.8000,  1987.2999, -1.3000, -134.7000,  150, 150, 150
L 1991.5000, -1.3000, -134.7000,  1991.5000, 103.4000, -134.7000,  150, 150, 150
L 1999.2000, -1.3000, -134.3000,  1999.2999, 103.4000, -134.4000,  150, 150, 150
L 2004.2000, 103.4000, -134.4000,  2004.2000, -1.3000, -134.4000,  150, 150, 150
L -9.8000, 23.7000, -11.4000,  -9.9000, 24.2000, -11.4000,  0, 0, 0
L -9.9000, 24.2000, -11.4000,  -9.6000, 26.8000, -11.4000,  0, 0, 0
L -9.8000, 21.3000, -11.4000,  -9.8000, 23.7000, -11.4000,  0, 0, 0
L 9.6000, 24.7000, -11.4000,  9.4000, 21.9000, -11.4000,  0, 0, 0
L 13.7000, 26.8000, -11.4000,  11.4000, 26.3000, -11.4000,  0, 0, 0
L 22.2000, -17.2000, -11.4000,  14.1000, -24.7000, -11.4000,  0, 0, 0
L 2.7000, -14.2000, -11.4000,  5.6000, -14.7000, -11.4000,  0, 0, 0
L 2.7000, -14.2000, -11.4000,  2.3000, -15.7000, -11.4000,  0, 0, 0
L 3.9000, -21.7000, -11.4000,  5.6000, -14.7000, -11.4000,  0, 0, 0
L -22.8000, -15.7000, -11.4000,  -19.2000, -6.9000, -11.4000,  0, 0, 0
L 13.4000, 10.6000, -11.4000,  14.5000, 1.4000, -11.4000,  0, 0, 0
L -11.8000, -12.6000, -11.4000,  -11.3000, -10.7000, -11.4000,  0, 0, 0
L -12.2000, 12.4000, -11.4000,  -11.5000, 18.6000, -11.4000,  0, 0, 0
L -11.5000, 18.6000, -11.4000,  -9.8000, 21.3000, -11.4000,  0, 0, 0
L 14.5000, 1.4000, -11.4000,  20.7000, -7.9000, -11.4000,  0, 0, 0
L 11.4000, 26.3000, -11.4000,  9.6000, 24.7000, -11.4000,  0, 0, 0
L 9.4000, 21.9000, -11.4000,  11.2000, 18.7000, -11.4000,  0, 0, 0
L 2.3000, -15.7000, -11.4000,  -11.8000, -12.6000, -11.4000,  199, 21, 133
L -14.2000, -10.0000, -11.4000,  -15.9000, -17.1000, -11.4000,  0, 0, 0
L 20.7000, -7.9000, -11.4000,  22.2000, -17.2000, -11.4000,  0, 0, 0
L -19.2000, -6.9000, -11.4000,  -17.7000, 1.0000, -11.4000,  0, 0, 0
L 11.2000, 18.6000, -11.4000,  13.4000, 10.6000, -11.4000,  0, 0, 0
L -17.7000, 1.0000, -11.4000,  -12.2000, 12.4000, -11.4000,  0, 0, 0
L -11.3000, -10.7000, -11.4000,  -14.2000, -10.0000, -11.4000,  0, 0, 0
L -39.7000, 26.5000, -11.4000,  -9.6000, 26.8000, -11.4000,  0, 0, 0
L 34.2000, 26.8000, -11.4000,  13.7000, 26.8000, -11.4000,  0, 0, 0
L 3.9000, -21.7000, -11.4000,  14.1000, -24.7000, -11.4000,  0, 0, 0
L -15.9000, -17.1000, -11.4000,  -22.8000, -15.7000, -11.4000,  0, 0, 0
L 580.6000, 722.0000, -26.6000,  550.9000, 722.0000, -26.6000,  0, 0, 0
L 508.3000, 722.7000, -26.6000,  508.3000, 651.2000, -26.6000,  0, 0, 0
L 531.5000, 722.7000, -26.6000,  508.3000, 722.7000, -26.6000,  0, 0, 0
L 550.9000, 731.3000, -26.6000,  550.9000, 722.0000, -26.6000,  0, 0, 0
L 531.5000, 730.9000, -26.6000,  531.5000, 722.7000, -26.6000,  0, 0, 0
L 508.3000, 651.2000, -26.6000,  581.0000, 651.2000, -26.6000,  0, 0, 0
L 581.0000, 651.2000, -26.6000,  580.0000, 678.7000, -26.6000,  0, 0, 0
L 1729.3999, 456.2000, -132.2000,  1729.3999, 483.8000, -132.2000,  150, 150, 150
L 1739.3999, 461.5000, -132.2000,  1739.6000, 478.6000, -132.2000,  150, 150, 150
L 1734.3999, 458.9000, -132.2000,  1729.3999, 456.2000, -132.2000,  150, 150, 150
L 1734.7000, 481.1000, -132.2000,  1739.6000, 478.6000, -132.2000,  150, 150, 150
L 1734.3999, 458.9000, -132.2000,  1734.7000, 481.1000, -132.2000,  150, 150, 150
L 1647.2999, 377.9000, -132.2000,  1619.2999, 378.5000, -132.2000,  150, 150, 150
L 1641.8999, 367.5000, -132.3000,  1624.5000, 367.7000, -132.3000,  150, 150, 150
L 1644.6000, 372.7000, -132.2000,  1641.8999, 367.5000, -132.3000,  150, 150, 150
L 1621.8999, 373.1000, -132.2000,  1624.5000, 367.7000, -132.3000,  150, 150, 150
L 1644.6000, 372.7000, -132.2000,  1621.8999, 373.1000, -132.2000,  150, 150, 150
L 1427.2999, 147.5000, -132.8000,  1398.7999, 147.5000, -132.8000,  150, 150, 150
L 1424.7999, 152.9000, -132.9000,  1422.3999, 158.3000, -132.9000,  150, 150, 150
L 1401.7999, 152.8000, -132.8000,  1398.7999, 147.5000, -132.8000,  150, 150, 150
L 1424.7999, 152.9000, -132.9000,  1401.7999, 152.8000, -132.8000,  150, 150, 150
L 1505.2999, 38.0000, -132.2000,  1505.3999, 66.4000, -132.2000,  150, 150, 150
L 1515.7000, 43.1000, -132.2000,  1515.7999, 60.5000, -132.2000,  150, 150, 150
L 1510.5000, 40.5000, -132.2000,  1515.7000, 43.1000, -132.2000,  150, 150, 150
L 1510.6000, 63.4000, -132.2000,  1515.7999, 60.5000, -132.2000,  150, 150, 150
L 1510.5000, 40.5000, -132.2000,  1510.6000, 63.4000, -132.2000,  150, 150, 150
L 555.6000, 742.6000, -32.6000,  527.4000, 742.2000, -32.6000,  150, 150, 150
L 552.5000, 737.0000, -32.6000,  549.4000, 731.3000, -32.6000,  150, 150, 150
L 552.5000, 737.0000, -32.6000,  530.3000, 736.5000, -32.7000,  150, 150, 150
L 530.3000, 736.5000, -32.7000,  527.4000, 742.2000, -32.6000,  150, 150, 150
L 549.4000, 731.3000, -32.7000,  533.2000, 730.9000, -32.7000,  150, 150, 150
L 449.4000, 825.8000, -32.5000,  449.4000, 854.0000, -32.5000,  150, 150, 150
L 438.4000, 848.4000, -32.7000,  437.7000, 832.0000, -32.6000,  150, 150, 150
L 443.5000, 828.9000, -32.5000,  449.4000, 825.8000, -32.5000,  150, 150, 150
L 443.9000, 851.2000, -32.6000,  438.4000, 848.4000, -32.7000,  150, 150, 150
L 443.5000, 828.9000, -32.5000,  443.9000, 851.2000, -32.6000,  150, 150, 150
L 1297.7999, 587.8000, -111.6000,  1297.7000, 517.6000, -111.6000,  0, 0, 0
L 1248.3999, 537.5000, -111.6000,  1259.6000, 539.2000, -111.6000,  0, 0, 255
L 1142.8999, 538.3000, -111.6000,  1163.6000, 539.0000, -111.6000,  0, 0, 255
L 1163.6000, 539.0000, -111.6000,  1164.7000, 570.3000, -111.6000,  0, 0, 255
L 1164.7000, 570.3000, -111.6000,  1202.6000, 570.2000, -111.6000,  0, 0, 255
L 1259.6000, 539.2000, -111.6000,  1259.5000, 551.2000, -111.6000,  0, 0, 255
L 1236.8999, 570.2000, -111.6000,  1237.6000, 539.2000, -111.6000,  0, 0, 255
L 1237.6000, 539.2000, -111.6000,  1248.3999, 537.5000, -111.6000,  0, 0, 255
L 1202.6000, 570.2000, -111.6000,  1210.2000, 570.8000, -111.6000,  0, 0, 255
L 1210.2000, 570.8000, -111.6000,  1236.8999, 570.2000, -111.6000,  0, 0, 255
L 1260.6000, 565.4000, -111.6000,  1261.2999, 583.4000, -111.6000,  0, 0, 255
L 1292.2000, 566.3000, -111.6000,  1260.6000, 565.4000, -111.6000,  0, 0, 255
L 1259.5000, 551.2000, -111.6000,  1292.0000, 552.8000, -111.6000,  0, 0, 255
L 1142.3999, 582.9000, -111.6000,  1141.3999, 573.9000, -111.6000,  0, 0, 255
L 1142.2000, 566.3000, -111.6000,  1109.8999, 566.5000, -111.6000,  0, 0, 255
L 1141.3999, 573.9000, -111.6000,  1142.2000, 566.3000, -111.6000,  0, 0, 255
L 1237.7000, 596.4000, -111.6000,  1153.8999, 595.6000, -111.6000,  0, 0, 255
L 1247.1000, 594.7000, -111.6000,  1237.7000, 596.4000, -111.6000,  0, 0, 255
L 1153.8999, 595.6000, -111.6000,  1142.3999, 582.9000, -111.6000,  0, 0, 255
L 1261.2999, 583.4000, -111.6000,  1247.1000, 594.7000, -111.6000,  0, 0, 255
L 1257.8999, 627.8000, -111.6000,  1297.7999, 587.8000, -111.6000,  0, 0, 0
L 1142.0000, 551.8000, -111.6000,  1142.8999, 538.3000, -111.6000,  0, 0, 255
L 1109.7000, 553.4000, -111.6000,  1142.0000, 551.8000, -111.6000,  0, 0, 255
