L -12.6000, 23.8000, -9.5000,  -13.8000, 25.9000, -10.6000,  0, 0, 0
L -13.8000, 25.9000, -10.6000,  -15.7000, 27.1000, -16.7000,  0, 0, 0
L -15.7000, 27.1000, -16.7000,  -22.8000, 27.2000, -16.7000,  0, 0, 0
L -22.8000, 27.2000, -16.7000,  -22.9000, 30.8000, -16.7000,  0, 0, 0
L -22.9000, 30.8000, -16.7000,  -24.3000, 32.2000, -16.7000,  0, 0, 0
L -24.3000, 32.2000, -16.7000,  -30.5000, 32.5000, -16.7000,  0, 0, 0
L -30.5000, 32.5000, -16.7000,  -32.2000, 30.1000, -16.7000,  0, 0, 0
L -32.2000, 30.1000, -16.7000,  -32.6000, 27.1000, -16.7000,  0, 0, 0
L -32.6000, 27.1000, -16.7000,  -34.7000, 27.6000, -16.8000,  0, 0, 0
L -34.7000, 27.6000, -16.8000,  -34.0000, 28.6000, -16.8000,  0, 0, 0
L -34.0000, 28.6000, -16.8000,  -34.0000, 32.6000, -16.9000,  0, 0, 0
L -34.0000, 32.6000, -16.9000,  -34.9000, 33.9000, -16.7000,  0, 0, 0
L -34.9000, 33.9000, -16.7000,  -35.0000, 96.6000, -16.8000,  0, 0, 0
L -35.0000, 96.6000, -16.8000,  -34.0000, 98.6000, -16.8000,  0, 0, 0
L -34.0000, 98.6000, -16.8000,  -34.0000, 102.5000, -16.8000,  0, 0, 0
L -34.0000, 102.5000, -16.8000,  -34.8000, 103.6000, -16.8000,  0, 0, 0
L -34.8000, 103.6000, -16.8000,  -34.6000, 105.2000, -16.7000,  0, 0, 0
L -34.6000, 105.2000, -16.7000,  -31.1000, 105.3000, -16.7000,  0, 0, 0
L -31.1000, 105.3000, -16.7000,  -29.5000, 106.9000, -16.7000,  0, 0, 0
L -29.5000, 106.9000, -16.7000,  -29.9000, 113.5000, -16.7000,  0, 0, 0
L -29.9000, 113.5000, -16.7000,  -31.4000, 114.8000, -16.7000,  0, 0, 0
L -31.4000, 114.8000, -16.7000,  -34.9000, 114.8000, -16.7000,  0, 0, 0
L -34.9000, 114.8000, -16.7000,  -34.7000, 155.1000, -16.7000,  0, 0, 0
L -34.7000, 155.1000, -16.7000,  -31.3000, 155.0000, -16.7000,  0, 0, 0
L -31.3000, 155.0000, -16.7000,  -29.9000, 156.4000, -16.7000,  0, 0, 0
L -29.9000, 156.4000, -16.7000,  -29.7000, 161.9000, -16.7000,  0, 0, 0
L -29.7000, 161.9000, -16.7000,  -31.2000, 164.6000, -16.7000,  0, 0, 0
L -31.2000, 164.6000, -16.7000,  -35.0000, 164.9000, -16.7000,  0, 0, 0
L -35.0000, 164.9000, -16.7000,  -34.3000, 168.0000, -16.7000,  0, 0, 0
L -34.3000, 168.0000, -16.7000,  -32.3000, 167.5000, -16.7000,  0, 0, 0
L -32.3000, 167.5000, -16.7000,  -29.1000, 167.7000, -16.7000,  0, 0, 0
L -29.1000, 167.7000, -16.7000,  -28.2000, 168.5000, -16.7000,  0, 0, 0
L -28.2000, 168.5000, -16.7000,  34.8000, 168.6000, -16.7000,  0, 0, 0
L 34.8000, 168.6000, -16.7000,  36.4000, 167.5000, -16.8000,  0, 0, 0
L 36.4000, 167.5000, -16.8000,  40.2000, 167.4000, -16.8000,  0, 0, 0
L 40.2000, 167.5000, -16.8000,  41.5000, 168.4000, -16.7000,  0, 0, 0
L 41.5000, 168.4000, -16.7000,  105.5000, 168.1000, -16.8000,  0, 0, 0
L 105.5000, 168.1000, -16.8000,  105.1000, 166.8000, -16.9000,  0, 0, 0
L 105.1000, 166.8000, -16.9000,  105.2000, 163.0000, -17.0000,  0, 0, 0
L 105.2000, 163.0000, -17.0000,  106.0000, 161.9000, -16.9000,  0, 0, 0
L 106.0000, 161.9000, -16.9000,  105.6000, 160.2000, -16.8000,  0, 0, 0
L 105.6000, 160.2000, -16.8000,  102.3000, 160.2000, -16.8000,  150, 150, 150
L 102.3000, 160.2000, -16.8000,  100.7000, 158.6000, -16.8000,  150, 150, 150
L 100.7000, 158.6000, -16.8000,  101.0000, 152.4000, -16.8000,  150, 150, 150
L 101.0000, 152.4000, -16.8000,  103.1000, 150.7000, -16.8000,  150, 150, 150
L 103.1000, 150.7000, -16.8000,  106.1000, 150.7000, -16.8000,  150, 150, 150
L 106.1000, 150.7000, -16.8000,  106.2000, 141.6000, -16.7000,  0, 0, 0
L 106.2000, 141.6000, -16.7000,  107.3000, 141.4000, -9.7000,  0, 0, 0
L 107.3000, 141.4000, -9.7000,  109.0000, 140.2000, -9.0000,  0, 0, 0
L 109.0000, 140.2000, -9.0000,  112.2000, 140.2000, -9.0000,  0, 0, 0
L 112.2000, 140.2000, -9.0000,  114.7000, 142.4000, -10.4000,  0, 0, 0
L 114.7000, 142.4000, -10.4000,  115.7000, 145.1000, -10.4000,  0, 0, 0
L 115.7000, 145.1000, -10.4000,  115.3000, 151.1000, -10.7000,  0, 0, 0
L 115.3000, 151.1000, -10.7000,  118.3000, 150.8000, -11.0000,  150, 150, 150
L 118.3000, 150.8000, -11.0000,  119.8000, 152.5000, -10.6000,  150, 150, 150
L 119.8000, 152.5000, -10.6000,  119.6000, 157.7000, -10.6000,  150, 150, 150
L 119.6000, 157.7000, -10.6000,  118.3000, 159.6000, -10.7000,  150, 150, 150
L 118.3000, 159.6000, -10.7000,  114.9000, 159.8000, -11.0000,  150, 150, 150
L 114.9000, 159.8000, -11.0000,  115.2000, 162.0000, -10.7000,  0, 0, 0
L 115.2000, 162.0000, -10.7000,  116.0000, 163.1000, -10.8000,  0, 0, 0
L 116.0000, 163.1000, -10.8000,  115.6000, 168.4000, -10.7000,  0, 0, 0
L 115.6000, 168.4000, -10.7000,  118.2000, 169.0000, -11.0000,  0, 0, 0
L 118.2000, 169.0000, -11.0000,  119.8000, 169.6000, -2.7000,  0, 0, 0
L 119.8000, 169.6000, -2.7000,  120.2000, 171.2000, -2.1000,  0, 0, 0
L 120.2000, 171.2000, -2.1000,  124.7000, 171.3000, -1.6000,  0, 0, 0
L 124.7000, 171.3000, -1.6000,  126.7000, 168.5000, -10.7000,  0, 0, 0
L 126.7000, 168.5000, -10.7000,  126.6000, 164.1000, -10.6000,  150, 150, 150
L 126.6000, 164.1000, -10.6000,  119.3000, 164.3000, -10.7000,  150, 150, 150
L 119.3000, 164.3000, -10.7000,  118.6000, 169.1000, -10.8000,  150, 150, 150
L 126.6000, 168.5000, -10.7000,  134.0000, 168.6000, -10.6000,  0, 0, 0
L 134.0000, 168.6000, -10.6000,  136.6000, 170.4000, -10.1000,  0, 0, 0
L 136.6000, 170.4000, -10.1000,  138.1000, 172.6000, -9.5000,  0, 0, 0
L 138.1000, 172.6000, -9.5000,  138.1000, 174.3000, -9.6000,  0, 0, 0
L 138.1000, 174.3000, -9.6000,  137.3000, 174.7000, -9.6000,  0, 0, 0
L 137.3000, 174.7000, -9.6000,  129.6000, 198.9000, -5.4000,  0, 0, 0
L 129.6000, 198.9000, -5.4000,  125.0000, 212.9000, -5.7000,  0, 0, 0
L 125.0000, 212.9000, -5.7000,  125.2000, 218.1000, -5.9000,  0, 0, 0
L 125.2000, 218.1000, -5.9000,  124.8000, 254.5000, -18.2000,  0, 0, 0
L 124.8000, 254.5000, -18.2000,  124.8000, 260.7000, -18.1000,  0, 0, 0
L 124.8000, 260.7000, -18.1000,  123.5000, 270.7000, -13.9000,  0, 0, 0
L 123.5000, 270.7000, -13.9000,  125.2000, 278.6000, -18.5000,  0, 0, 0
L 125.2000, 278.6000, -18.5000,  130.6000, 295.2000, -13.7000,  0, 0, 0
L 130.6000, 295.2000, -13.7000,  136.0000, 300.7000, -13.4000,  0, 0, 0
L 136.0000, 300.7000, -13.4000,  151.8000, 306.5000, -13.9000,  0, 0, 0
L 151.8000, 306.5000, -13.9000,  172.2000, 305.8000, -18.0000,  0, 0, 0
L 172.2000, 305.8000, -18.0000,  178.3000, 305.8000, -17.9000,  0, 0, 0
L 178.3000, 305.8000, -17.9000,  185.9000, 306.5000, -13.9000,  0, 0, 0
L 185.9000, 306.5000, -13.9000,  187.6000, 301.8000, -20.1000,  0, 0, 0
L 187.6000, 301.8000, -20.1000,  203.1000, 302.0000, -18.0000,  0, 0, 0
L 203.1000, 302.0000, -18.0000,  204.9000, 306.4000, -14.3000,  0, 0, 0
L 204.9000, 306.4000, -14.3000,  214.3000, 306.0000, -18.0000,  0, 0, 0
L 205.2000, 261.4000, -13.1000,  202.9000, 268.2000, -23.2000,  0, 0, 0
L 202.9000, 268.2000, -23.2000,  195.0000, 271.1000, -22.2000,  0, 0, 0
L 195.0000, 271.1000, -22.2000,  188.9000, 267.0000, -22.2000,  0, 0, 0
L 188.9000, 267.0000, -22.2000,  186.7000, 262.4000, -16.3000,  0, 0, 0
L 186.7000, 262.4000, -16.3000,  186.4000, 260.8000, -12.8000,  0, 0, 0
L 186.4000, 260.8000, -12.8000,  172.6000, 261.5000, -18.3000,  0, 0, 0
L 172.6000, 261.5000, -18.3000,  169.8000, 260.9000, -19.5000,  0, 0, 0
L 169.8000, 260.9000, -19.5000,  169.3000, 260.1000, -19.2000,  0, 0, 0
L 169.3000, 260.1000, -19.2000,  169.2000, 254.2000, -18.6000,  0, 0, 0
L 169.2000, 254.2000, -18.6000,  169.7000, 233.5000, -9.4000,  0, 0, 0
L 169.7000, 233.5000, -9.4000,  169.5000, 218.0000, -6.2000,  0, 0, 0
L 169.5000, 218.0000, -6.2000,  169.3000, 212.3000, -6.2000,  0, 0, 0
L 169.3000, 212.3000, -6.2000,  158.4000, 178.1000, -9.5000,  0, 0, 0
L 158.4000, 178.1000, -9.5000,  156.2000, 174.0000, -8.8000,  0, 0, 0
L 156.2000, 174.0000, -8.8000,  156.4000, 171.8000, -9.0000,  0, 0, 0
L 156.4000, 171.8000, -9.0000,  160.2000, 168.2000, -10.4000,  0, 0, 0
L 160.2000, 168.2000, -10.4000,  168.4000, 168.7000, -10.8000,  0, 0, 0
L 168.4000, 168.7000, -10.8000,  169.9000, 169.6000, -2.3000,  0, 0, 0
L 169.9000, 169.6000, -2.3000,  170.4000, 171.1000, -1.7000,  0, 0, 0
L 170.4000, 171.1000, -1.7000,  174.9000, 171.1000, -2.1000,  0, 0, 0
L 174.9000, 171.1000, -2.1000,  175.2000, 169.8000, -2.7000,  0, 0, 0
L 175.2000, 169.8000, -2.7000,  176.3000, 168.8000, -10.4000,  0, 0, 0
L 176.3000, 168.8000, -10.4000,  175.7000, 164.3000, -10.7000,  150, 150, 150
L 175.7000, 164.3000, -10.7000,  168.3000, 163.7000, -10.6000,  150, 150, 150
L 168.3000, 163.7000, -10.6000,  168.4000, 168.7000, -10.8000,  150, 150, 150
L 176.3000, 168.9000, -10.6000,  178.9000, 168.7000, -10.9000,  0, 0, 0
L 178.9000, 168.7000, -10.9000,  180.0000, 167.3000, -10.8000,  0, 0, 0
L 180.0000, 167.3000, -10.8000,  185.7000, 167.8000, -10.7000,  0, 0, 0
L 185.7000, 167.8000, -10.7000,  185.7000, 104.9000, -10.7000,  0, 0, 0
L 185.7000, 104.9000, -10.7000,  184.7000, 103.5000, -10.7000,  0, 0, 0
L 184.7000, 103.5000, -10.7000,  184.7000, 98.2000, -10.8000,  0, 0, 0
L 184.7000, 98.2000, -10.8000,  174.5000, 98.5000, -10.6000,  0, 0, 0
L 174.5000, 98.5000, -10.6000,  170.8000, 95.9000, -6.0000,  0, 0, 0
L 170.8000, 95.9000, -6.0000,  163.9000, 98.2000, -10.4000,  0, 0, 0
L 163.9000, 98.2000, -10.4000,  121.9000, 98.2000, -10.7000,  0, 0, 0
L 121.9000, 98.2000, -10.7000,  119.8000, 99.4000, -10.8000,  0, 0, 0
L 119.8000, 99.4000, -10.8000,  115.1000, 99.2000, -10.7000,  0, 0, 0
L 115.1000, 99.2000, -10.7000,  114.8000, 101.6000, -11.0000,  0, 0, 0
L 114.8000, 101.6000, -11.0000,  114.3000, 102.8000, -2.7000,  0, 0, 0
L 114.3000, 102.8000, -2.7000,  107.0000, 102.8000, -2.7000,  0, 0, 0
L 107.0000, 102.8000, -2.7000,  106.2000, 100.6000, -16.8000,  0, 0, 0
L 106.2000, 100.6000, -16.8000,  106.1000, 99.1000, -16.8000,  0, 0, 0
L 106.1000, 99.1000, -16.8000,  105.6000, 98.5000, -16.8000,  0, 0, 0
L 105.6000, 98.5000, -16.8000,  104.5000, 99.2000, -16.8000,  0, 0, 0
L 104.5000, 99.2000, -16.8000,  99.9000, 99.1000, -17.0000,  0, 0, 0
L 99.9000, 99.1000, -17.0000,  99.3000, 98.3000, -16.9000,  0, 0, 0
L 99.3000, 98.3000, -16.9000,  36.1000, 98.2000, -16.8000,  0, 0, 0
L 36.1000, 98.2000, -16.8000,  34.6000, 95.6000, -16.8000,  0, 0, 0
L 34.6000, 95.6000, -16.8000,  34.6000, 91.5000, -16.8000,  0, 0, 0
L 34.6000, 91.5000, -16.8000,  35.4000, 90.9000, -16.8000,  0, 0, 0
L 35.4000, 90.9000, -16.8000,  35.5000, 28.0000, -16.8000,  0, 0, 0
L 35.5000, 28.0000, -16.8000,  35.1000, 27.4000, -16.8000,  0, 0, 0
L 35.1000, 27.4000, -16.8000,  33.7000, 28.1000, -16.8000,  0, 0, 0
L 33.7000, 28.1000, -16.8000,  29.1000, 27.9000, -16.9000,  0, 0, 0
L 29.1000, 27.9000, -16.9000,  28.8000, 27.2000, -16.9000,  0, 0, 0
L 28.8000, 27.2000, -16.9000,  27.0000, 27.5000, -16.8000,  0, 0, 0
L 27.0000, 27.5000, -16.8000,  25.9000, 32.6000, -16.7000,  0, 0, 0
L 25.9000, 32.6000, -16.7000,  18.0000, 31.3000, -16.7000,  0, 0, 0
L 18.0000, 31.3000, -16.7000,  17.5000, 27.2000, -16.7000,  0, 0, 0
L 17.5000, 27.2000, -16.7000,  8.2000, 27.0000, -16.7000,  0, 0, 0
L 8.2000, 27.0000, -16.7000,  7.6000, 25.9000, -9.7000,  0, 0, 0
L 7.6000, 25.9000, -9.7000,  6.4000, 24.4000, -9.0000,  0, 0, 0
L 6.4000, 24.4000, -9.0000,  6.5000, 20.8000, -9.0000,  0, 0, 0
L 6.5000, 20.8000, -9.0000,  7.5000, 18.1000, -9.4000,  0, 0, 0
L 7.5000, 18.1000, -9.4000,  9.6000, 10.8000, -9.3000,  0, 0, 0
L 9.6000, 10.8000, -9.3000,  18.2000, -16.0000, -4.0000,  0, 0, 0
L 18.2000, -16.0000, -4.0000,  7.3000, -16.1000, -9.4000,  0, 0, 0
L 7.3000, -16.1000, -9.4000,  7.0000, -9.7000, -9.1000,  0, 0, 0
L 7.0000, -9.7000, -9.1000,  -14.2000, -9.9000, -9.3000,  199, 21, 133
L -14.2000, -9.9000, -9.3000,  -14.3000, -16.1000, -9.4000,  0, 0, 0
L -14.3000, -16.1000, -9.4000,  -25.1000, -15.5000, -4.0000,  0, 0, 0
L -25.1000, -15.5000, -4.0000,  -14.5000, 18.0000, -9.4000,  0, 0, 0
L -14.5000, 18.0000, -9.4000,  -12.3000, 21.8000, -9.5000,  0, 0, 0
L -12.3000, 21.8000, -9.5000,  -12.8000, 24.2000, -9.5000,  0, 0, 0
L -11.6000, 27.5000, -16.7000,  -13.8000, 33.0000, -16.6000,  150, 150, 150
L -16.0000, 38.5000, -16.6000,  11.3000, 38.7000, -16.6000,  150, 150, 150
L 11.3000, 38.7000, -16.6000,  8.4000, 32.9000, -16.6000,  150, 150, 150
L 106.2000, 100.6000, -16.8000,  102.4000, 100.9000, -16.8000,  150, 150, 150
L 102.4000, 100.9000, -16.8000,  100.7000, 102.9000, -16.8000,  150, 150, 150
L 100.7000, 102.9000, -16.8000,  101.0000, 108.4000, -16.8000,  150, 150, 150
L 101.0000, 108.4000, -16.8000,  102.8000, 110.4000, -16.8000,  150, 150, 150
L 102.8000, 110.4000, -16.8000,  106.0000, 110.5000, -16.8000,  150, 150, 150
L 106.0000, 110.5000, -16.8000,  105.9000, 118.6000, -16.7000,  0, 0, 0
L 105.9000, 118.6000, -16.7000,  108.0000, 120.2000, -10.1000,  0, 0, 0
L 108.0000, 120.2000, -10.1000,  108.7000, 120.5000, -9.5000,  0, 0, 0
L 108.7000, 120.5000, -9.5000,  109.2000, 120.5000, -9.5000,  0, 0, 0
L 109.2000, 120.5000, -9.5000,  110.1000, 121.0000, -9.4000,  0, 0, 0
L 110.1000, 121.0000, -9.4000,  111.4000, 120.9000, -9.5000,  0, 0, 0
L 111.4000, 120.9000, -9.5000,  112.2000, 120.5000, -9.5000,  0, 0, 0
L 112.2000, 120.5000, -9.5000,  114.2000, 118.8000, -10.7000,  0, 0, 0
L 114.2000, 118.8000, -10.7000,  115.3000, 116.8000, -10.6000,  0, 0, 0
L 115.3000, 116.8000, -10.6000,  115.3000, 110.0000, -10.8000,  0, 0, 0
L 115.3000, 110.0000, -10.8000,  118.4000, 110.3000, -11.0000,  150, 150, 150
L 118.4000, 110.3000, -11.0000,  119.8000, 108.9000, -10.6000,  150, 150, 150
L 119.8000, 108.9000, -10.6000,  119.9000, 103.5000, -10.6000,  150, 150, 150
L 119.9000, 103.5000, -10.6000,  118.8000, 101.8000, -10.7000,  150, 150, 150
L 118.8000, 101.8000, -10.7000,  115.0000, 101.4000, -11.0000,  150, 150, 150
L 115.3000, 110.0000, -10.8000,  114.0000, 108.0000, -1.8000,  0, 0, 0
L 114.0000, 108.0000, -1.8000,  113.4000, 107.7000, -1.5000,  0, 0, 0
L 113.4000, 107.7000, -1.5000,  108.1000, 107.7000, -1.5000,  0, 0, 0
L 108.1000, 107.7000, -1.5000,  106.0000, 110.5000, -16.8000,  0, 0, 0
L 105.4000, 121.4000, -16.7000,  100.3000, 119.6000, -16.7000,  150, 150, 150
L 95.1000, 117.7000, -16.7000,  95.1000, 145.0000, -16.8000,  150, 150, 150
L 95.1000, 145.0000, -16.8000,  100.6000, 141.9000, -16.7000,  150, 150, 150
L 205.2000, 261.4000, -13.1000,  213.2000, 261.5000, -18.5000,  0, 0, 0
L 213.2000, 261.5000, -18.5000,  219.6000, 261.5000, -19.0000,  0, 0, 0
L 219.6000, 261.5000, -19.0000,  221.3000, 259.0000, -18.9000,  0, 0, 0
L 221.3000, 259.0000, -18.9000,  220.9000, 242.7000, -12.4000,  0, 0, 0
L 220.9000, 242.7000, -12.4000,  222.3000, 215.8000, -16.0000,  0, 0, 0
L 222.3000, 215.8000, -16.0000,  265.4000, 215.9000, -17.6000,  0, 0, 0
L 265.4000, 215.9000, -17.6000,  266.4000, 224.8000, -13.9000,  0, 0, 0
L 266.4000, 224.8000, -13.9000,  266.5000, 243.0000, -13.8000,  0, 0, 0
L 266.5000, 243.0000, -13.8000,  265.6000, 252.3000, -18.1000,  0, 0, 0
L 265.6000, 252.3000, -18.1000,  265.9000, 258.1000, -18.1000,  0, 0, 0
L 265.9000, 258.1000, -18.1000,  266.0000, 309.6000, -18.3000,  0, 0, 0
L 266.0000, 309.6000, -18.3000,  266.2000, 315.3000, -18.2000,  0, 0, 0
L 266.2000, 315.3000, -18.2000,  266.4000, 324.2000, -15.5000,  0, 0, 0
L 266.4000, 324.2000, -15.5000,  259.0000, 325.9000, -23.1000,  0, 0, 0
L 259.0000, 325.9000, -23.1000,  256.3000, 333.0000, -22.3000,  0, 0, 0
L 256.3000, 333.0000, -22.3000,  261.3000, 341.8000, -22.3000,  0, 0, 0
L 261.3000, 341.8000, -22.3000,  266.7000, 343.1000, -13.9000,  0, 0, 0
L 226.1000, 340.8000, -19.9000,  231.2000, 333.5000, -22.3000,  0, 0, 0
L 231.2000, 333.5000, -22.3000,  227.8000, 325.7000, -23.2000,  0, 0, 0
L 227.8000, 325.7000, -23.2000,  221.7000, 323.9000, -13.2000,  0, 0, 0
L 221.7000, 323.9000, -13.2000,  221.8000, 315.0000, -18.4000,  0, 0, 0
L 221.8000, 315.0000, -18.4000,  220.6000, 306.7000, -19.6000,  0, 0, 0
L 220.6000, 306.7000, -19.6000,  214.1000, 306.0000, -18.0000,  0, 0, 0
L 177.1000, 399.2000, -18.3000,  185.2000, 398.8000, -14.9000,  0, 0, 0
L 185.2000, 398.8000, -14.9000,  198.4000, 401.0000, -19.2000,  0, 0, 0
L 198.4000, 401.0000, -19.2000,  204.4000, 398.7000, -14.0000,  0, 0, 0
L 204.4000, 398.7000, -14.0000,  211.5000, 399.8000, -18.5000,  0, 0, 0
L 211.5000, 399.8000, -18.5000,  217.4000, 399.8000, -18.9000,  0, 0, 0
L 217.4000, 399.8000, -18.9000,  221.2000, 397.7000, -18.5000,  0, 0, 0
L 221.2000, 397.7000, -18.5000,  220.9000, 392.5000, -18.0000,  0, 0, 0
L 220.9000, 392.5000, -18.0000,  220.8000, 384.7000, -12.9000,  0, 0, 0
L 220.8000, 384.7000, -12.9000,  228.7000, 382.5000, -23.1000,  0, 0, 0
L 228.7000, 382.5000, -23.1000,  231.1000, 375.5000, -22.3000,  0, 0, 0
L 231.1000, 375.5000, -22.3000,  227.9000, 367.6000, -23.3000,  0, 0, 0
L 227.9000, 367.6000, -23.3000,  221.5000, 365.8000, -13.2000,  0, 0, 0
L 221.0000, 342.7000, -12.8000,  226.1000, 340.8000, -19.9000,  0, 0, 0
L 221.5000, 365.8000, -13.2000,  221.0000, 342.7000, -12.8000,  0, 0, 0
L 266.7000, 343.1000, -14.0000,  266.4000, 366.1000, -14.3000,  0, 0, 0
L 266.4000, 366.1000, -14.3000,  258.9000, 368.1000, -23.2000,  0, 0, 0
L 258.9000, 368.1000, -23.2000,  256.2000, 375.9000, -22.3000,  0, 0, 0
L 256.2000, 375.9000, -22.3000,  259.3000, 383.6000, -23.4000,  0, 0, 0
L 259.3000, 383.6000, -23.4000,  266.5000, 385.1000, -14.2000,  0, 0, 0
L 266.5000, 385.1000, -14.2000,  265.4000, 391.4000, -18.5000,  0, 0, 0
L 265.4000, 391.4000, -18.5000,  265.3000, 397.4000, -18.8000,  0, 0, 0
L 265.3000, 397.4000, -18.8000,  268.9000, 399.5000, -18.4000,  0, 0, 0
L 268.9000, 399.5000, -18.4000,  274.6000, 399.7000, -18.6000,  0, 0, 0
L 274.6000, 399.7000, -18.6000,  284.7000, 404.7000, -21.4000,  0, 0, 0
L 284.7000, 404.7000, -21.4000,  286.6000, 406.7000, -21.9000,  0, 0, 0
L 286.6000, 406.7000, -21.9000,  288.2000, 408.9000, -21.8000,  0, 0, 0
L 288.2000, 408.9000, -21.8000,  289.5000, 410.7000, -21.8000,  0, 0, 0
L 289.5000, 410.7000, -21.8000,  291.2000, 412.8000, -21.9000,  0, 0, 0
L 291.2000, 412.8000, -21.9000,  296.6000, 412.8000, -22.4000,  0, 0, 0
L 296.6000, 412.8000, -22.4000,  297.7000, 410.7000, -21.7000,  0, 0, 0
L 297.7000, 410.7000, -21.7000,  299.0000, 408.9000, -21.7000,  0, 0, 0
L 299.0000, 408.9000, -21.7000,  300.5000, 406.7000, -21.9000,  0, 0, 0
L 300.5000, 406.7000, -21.9000,  302.3000, 404.7000, -21.6000,  0, 0, 0
L 302.3000, 404.7000, -21.6000,  312.4000, 399.4000, -18.0000,  0, 0, 0
L 312.4000, 399.4000, -18.0000,  317.9000, 399.3000, -18.0000,  0, 0, 0
L 317.9000, 399.3000, -18.0000,  356.0000, 411.3000, -24.4000,  0, 0, 0
L 356.0000, 411.3000, -24.4000,  358.8000, 411.6000, -24.3000,  0, 0, 0
L 358.8000, 411.6000, -24.3000,  361.0000, 409.9000, -25.5000,  0, 0, 0
L 361.0000, 409.9000, -25.5000,  361.9000, 408.0000, -25.3000,  0, 0, 0
L 361.9000, 408.0000, -25.3000,  362.2000, 400.6000, -25.6000,  0, 0, 0
L 362.0000, 442.3000, -25.6000,  362.3000, 434.9000, -25.1000,  0, 0, 0
L 362.3000, 434.9000, -25.1000,  360.7000, 431.6000, -24.6000,  0, 0, 0
L 360.7000, 431.6000, -24.6000,  358.9000, 430.6000, -23.8000,  0, 0, 0
L 358.9000, 430.6000, -23.8000,  355.5000, 430.8000, -23.9000,  0, 0, 0
L 355.5000, 430.8000, -23.9000,  352.8000, 432.3000, -24.2000,  0, 0, 0
L 352.8000, 432.3000, -24.2000,  318.2000, 443.6000, -18.4000,  0, 0, 0
L 318.2000, 443.6000, -18.4000,  312.8000, 443.6000, -18.5000,  0, 0, 0
L 312.8000, 443.6000, -18.5000,  304.6000, 440.3000, -20.6000,  0, 0, 0
L 304.6000, 440.3000, -20.6000,  302.2000, 438.4000, -21.5000,  0, 0, 0
L 302.2000, 438.4000, -21.5000,  300.5000, 436.3000, -21.9000,  0, 0, 0
L 300.5000, 436.3000, -21.9000,  299.0000, 434.1000, -21.7000,  0, 0, 0
L 299.0000, 434.1000, -21.7000,  297.7000, 432.3000, -21.8000,  0, 0, 0
L 297.7000, 432.3000, -21.8000,  296.4000, 430.2000, -22.3000,  0, 0, 0
L 296.4000, 430.2000, -22.3000,  291.0000, 430.2000, -22.3000,  0, 0, 0
L 291.0000, 430.2000, -22.3000,  289.5000, 432.3000, -21.7000,  0, 0, 0
L 289.5000, 432.3000, -21.7000,  288.1000, 434.1000, -21.8000,  0, 0, 0
L 288.1000, 434.1000, -21.8000,  286.6000, 436.3000, -21.9000,  0, 0, 0
L 286.6000, 436.3000, -21.9000,  284.7000, 438.4000, -21.5000,  0, 0, 0
L 284.7000, 438.4000, -21.5000,  275.2000, 443.8000, -18.0000,  0, 0, 0
L 275.2000, 443.8000, -18.0000,  269.5000, 444.0000, -18.0000,  0, 0, 0
L 269.5000, 444.0000, -18.0000,  252.5000, 444.5000, -14.7000,  0, 0, 0
L 252.5000, 444.5000, -14.7000,  217.8000, 444.2000, -18.2000,  0, 0, 0
L 217.8000, 444.2000, -18.2000,  211.6000, 444.3000, -18.2000,  0, 0, 0
L 211.6000, 444.3000, -18.2000,  176.9000, 443.5000, -16.0000,  0, 0, 0
L 176.9000, 443.5000, -16.0000,  177.1000, 399.2000, -18.3000,  0, 0, 0
L 362.0000, 442.3000, -25.6000,  360.8000, 443.9000, -17.1000,  0, 0, 0
L 360.8000, 443.9000, -17.1000,  359.6000, 444.4000, -16.5000,  0, 0, 0
L 359.6000, 444.4000, -16.5000,  359.6000, 448.8000, -16.9000,  0, 0, 0
L 359.6000, 448.8000, -16.9000,  361.0000, 449.2000, -17.5000,  0, 0, 0
L 361.0000, 449.2000, -17.5000,  361.8000, 450.6000, -25.6000,  0, 0, 0
L 361.8000, 450.6000, -25.6000,  366.5000, 450.1000, -25.5000,  150, 150, 150
L 366.5000, 450.1000, -25.5000,  366.7000, 441.8000, -25.7000,  150, 150, 150
L 366.7000, 441.8000, -25.7000,  362.1000, 441.9000, -25.8000,  150, 150, 150
L 361.8000, 450.7000, -25.6000,  361.9000, 452.9000, -25.7000,  0, 0, 0
L 361.9000, 452.9000, -25.7000,  362.9000, 454.4000, -25.7000,  0, 0, 0
L 362.9000, 454.4000, -25.7000,  363.0000, 459.7000, -25.5000,  0, 0, 0
L 363.0000, 459.7000, -25.5000,  425.7000, 459.7000, -25.5000,  0, 0, 0
L 425.7000, 459.7000, -25.5000,  427.2000, 458.7000, -25.7000,  0, 0, 0
L 427.2000, 458.7000, -25.7000,  432.5000, 458.7000, -25.5000,  0, 0, 0
L 432.5000, 458.7000, -25.5000,  432.5000, 395.9000, -25.5000,  0, 0, 0
L 432.5000, 395.9000, -25.5000,  431.5000, 394.6000, -25.6000,  0, 0, 0
L 431.5000, 394.6000, -25.6000,  431.6000, 390.0000, -25.5000,  0, 0, 0
L 431.6000, 390.0000, -25.5000,  432.7000, 389.0000, -25.6000,  0, 0, 0
L 432.7000, 389.0000, -25.6000,  432.8000, 386.8000, -25.6000,  0, 0, 0
L 432.8000, 386.8000, -25.6000,  433.5000, 385.4000, -17.4000,  0, 0, 0
L 433.5000, 385.4000, -17.4000,  435.0000, 385.0000, -16.9000,  0, 0, 0
L 435.0000, 385.0000, -16.9000,  435.1000, 380.5000, -16.4000,  0, 0, 0
L 435.1000, 380.5000, -16.4000,  433.2000, 379.9000, -16.9000,  0, 0, 0
L 433.2000, 379.9000, -16.9000,  432.5000, 377.5000, -25.6000,  0, 0, 0
L 432.5000, 377.5000, -25.6000,  428.2000, 378.5000, -25.7000,  150, 150, 150
L 428.2000, 378.5000, -25.7000,  427.8000, 385.9000, -25.4000,  150, 150, 150
L 427.8000, 385.9000, -25.4000,  432.8000, 386.8000, -25.6000,  150, 150, 150
L 432.5000, 377.9000, -25.6000,  433.1000, 369.6000, -25.4000,  0, 0, 0
L 433.1000, 369.6000, -25.4000,  434.3000, 368.5000, -24.9000,  0, 0, 0
L 434.3000, 368.5000, -24.9000,  435.4000, 367.6000, -24.3000,  0, 0, 0
L 435.4000, 367.6000, -24.3000,  438.3000, 367.6000, -24.4000,  0, 0, 0
L 438.3000, 367.6000, -24.4000,  449.9000, 371.3000, -24.6000,  0, 0, 0
L 449.9000, 371.3000, -24.6000,  469.1000, 378.1000, -24.2000,  0, 0, 0
L 469.1000, 378.1000, -24.2000,  476.2000, 379.6000, -27.0000,  0, 0, 0
L 476.2000, 379.6000, -27.0000,  481.9000, 379.6000, -27.1000,  0, 0, 0
L 481.9000, 379.6000, -27.1000,  484.0000, 383.7000, -27.3000,  0, 0, 0
L 484.0000, 383.7000, -27.3000,  484.0000, 389.7000, -27.1000,  0, 0, 0
L 484.0000, 389.7000, -27.1000,  485.1000, 398.2000, -25.3000,  0, 0, 0
L 485.1000, 398.2000, -25.3000,  490.8000, 400.2000, -31.8000,  0, 0, 0
L 490.8000, 400.2000, -31.8000,  493.5000, 407.3000, -30.9000,  0, 0, 0
L 493.5000, 407.3000, -30.9000,  490.9000, 413.3000, -31.9000,  0, 0, 0
L 490.9000, 413.3000, -31.9000,  485.7000, 416.1000, -26.1000,  0, 0, 0
L 485.7000, 416.1000, -26.1000,  483.8000, 425.6000, -27.1000,  0, 0, 0
L 483.8000, 425.6000, -27.1000,  483.8000, 431.5000, -27.2000,  0, 0, 0
L 483.8000, 431.5000, -27.2000,  484.9000, 440.1000, -25.3000,  0, 0, 0
L 484.9000, 440.1000, -25.3000,  490.1000, 441.8000, -31.8000,  0, 0, 0
L 490.1000, 441.8000, -31.8000,  493.3000, 449.3000, -30.9000,  0, 0, 0
L 493.3000, 449.3000, -30.9000,  490.0000, 457.5000, -31.9000,  0, 0, 0
L 490.0000, 457.5000, -31.9000,  484.7000, 458.7000, -25.2000,  0, 0, 0
L 484.7000, 458.7000, -25.2000,  483.5000, 465.9000, -27.0000,  0, 0, 0
L 483.5000, 465.9000, -27.0000,  483.6000, 471.6000, -26.9000,  0, 0, 0
L 483.6000, 471.6000, -26.9000,  484.1000, 480.3000, -26.3000,  0, 0, 0
L 484.1000, 480.3000, -26.3000,  489.4000, 481.1000, -31.9000,  0, 0, 0
L 489.4000, 481.1000, -31.9000,  493.0000, 489.5000, -30.8000,  0, 0, 0
L 493.0000, 489.5000, -30.8000,  489.5000, 497.3000, -31.7000,  0, 0, 0
L 489.5000, 497.3000, -31.7000,  483.6000, 498.8000, -26.0000,  0, 0, 0
L 483.6000, 498.8000, -26.0000,  483.3000, 507.7000, -27.0000,  0, 0, 0
L 483.3000, 507.7000, -27.0000,  483.3000, 513.8000, -26.8000,  0, 0, 0
L 483.3000, 513.8000, -26.8000,  483.9000, 522.4000, -26.3000,  0, 0, 0
L 483.9000, 522.4000, -26.3000,  488.8000, 523.6000, -31.7000,  0, 0, 0
L 488.8000, 523.6000, -31.7000,  491.9000, 530.9000, -30.7000,  0, 0, 0
L 491.9000, 530.9000, -30.7000,  489.2000, 539.5000, -31.6000,  0, 0, 0
L 489.2000, 539.5000, -31.6000,  483.4000, 540.7000, -26.0000,  0, 0, 0
L 483.4000, 540.7000, -26.0000,  483.1000, 549.6000, -26.9000,  0, 0, 0
L 483.1000, 549.6000, -26.9000,  481.9000, 556.6000, -28.1000,  0, 0, 0
L 481.9000, 556.6000, -28.1000,  478.4000, 557.9000, -27.1000,  0, 0, 0
L 478.4000, 557.9000, -27.1000,  473.7000, 557.8000, -27.0000,  0, 0, 0
L 473.7000, 557.8000, -27.0000,  464.2000, 558.1000, -26.4000,  0, 0, 0
L 464.2000, 558.1000, -26.4000,  439.7000, 557.3000, -27.4000,  0, 0, 0
L 439.7000, 557.3000, -27.4000,  440.0000, 600.2000, -28.8000,  0, 0, 0
L 440.0000, 600.2000, -28.8000,  473.8000, 601.9000, -27.0000,  0, 0, 0
L 473.8000, 601.9000, -27.0000,  479.9000, 601.8000, -26.9000,  0, 0, 0
L 479.9000, 601.8000, -26.9000,  497.2000, 600.3000, -27.1000,  0, 0, 0
L 497.2000, 600.3000, -27.1000,  531.3000, 601.6000, -26.8000,  0, 0, 0
L 531.3000, 601.6000, -26.8000,  537.3000, 601.6000, -26.7000,  0, 0, 0
L 537.3000, 601.6000, -26.7000,  546.0000, 600.9000, -26.2000,  0, 0, 0
L 546.0000, 600.9000, -26.2000,  714.1000, 601.8000, -27.0000,  0, 0, 0
L 714.1000, 601.8000, -27.0000,  713.5000, 557.6000, -26.9000,  0, 0, 0
L 713.5000, 557.6000, -26.9000,  677.6000, 557.6000, -26.7000,  0, 0, 0
L 677.6000, 557.6000, -26.7000,  672.4000, 557.4000, -26.7000,  0, 0, 0
L 672.4000, 557.4000, -26.7000,  668.7000, 555.2000, -27.0000,  0, 0, 0
L 668.7000, 555.2000, -27.0000,  668.8000, 549.8000, -26.8000,  0, 0, 0
L 668.8000, 549.8000, -26.8000,  657.4000, 515.4000, -24.0000,  0, 0, 0
L 657.4000, 515.4000, -24.0000,  655.4000, 512.0000, -23.5000,  0, 0, 0
L 655.4000, 512.0000, -23.5000,  655.7000, 509.2000, -23.6000,  0, 0, 0
L 655.7000, 509.2000, -23.6000,  656.8000, 507.5000, -24.3000,  0, 0, 0
L 656.8000, 507.6000, -24.3000,  660.0000, 505.8000, -25.0000,  0, 0, 0
L 660.0000, 505.8000, -25.0000,  666.3000, 506.1000, -25.5000,  0, 0, 0
L 634.6000, 506.7000, -25.2000,  636.6000, 508.3000, -24.6000,  0, 0, 0
L 636.6000, 508.3000, -24.6000,  636.6000, 512.1000, -24.2000,  0, 0, 0
L 636.6000, 512.1000, -24.2000,  633.2000, 523.5000, -24.4000,  0, 0, 0
L 633.2000, 523.5000, -24.4000,  624.7000, 550.0000, -26.7000,  0, 0, 0
L 624.7000, 550.0000, -26.7000,  624.0000, 556.6000, -28.2000,  0, 0, 0
L 624.0000, 556.6000, -28.2000,  620.4000, 557.8000, -26.9000,  0, 0, 0
L 620.4000, 557.8000, -26.9000,  614.9000, 557.7000, -26.9000,  0, 0, 0
L 614.9000, 557.7000, -26.9000,  578.6000, 557.6000, -26.8000,  0, 0, 0
L 578.6000, 557.6000, -26.8000,  572.0000, 557.5000, -26.7000,  0, 0, 0
L 572.0000, 557.5000, -26.7000,  536.6000, 557.4000, -26.9000,  0, 0, 0
L 536.6000, 557.4000, -26.9000,  530.2000, 557.3000, -27.2000,  0, 0, 0
L 530.2000, 557.3000, -27.2000,  527.8000, 556.0000, -27.6000,  0, 0, 0
L 527.8000, 556.0000, -27.6000,  527.3000, 549.5000, -27.0000,  0, 0, 0
L 527.3000, 549.5000, -27.0000,  526.2000, 540.9000, -25.1000,  0, 0, 0
L 526.2000, 540.9000, -25.1000,  520.6000, 538.9000, -31.7000,  0, 0, 0
L 520.6000, 538.9000, -31.7000,  517.6000, 531.0000, -30.8000,  0, 0, 0
L 517.6000, 531.0000, -30.8000,  521.3000, 524.9000, -31.7000,  0, 0, 0
L 521.3000, 524.9000, -31.7000,  526.5000, 521.8000, -25.0000,  0, 0, 0
L 526.5000, 521.8000, -25.0000,  526.4000, 499.0000, -25.1000,  0, 0, 0
L 526.4000, 499.0000, -25.1000,  520.9000, 497.0000, -31.7000,  0, 0, 0
L 520.9000, 497.0000, -31.7000,  518.0000, 489.1000, -30.8000,  0, 0, 0
L 518.0000, 489.1000, -30.8000,  521.3000, 481.3000, -31.9000,  0, 0, 0
L 521.3000, 481.3000, -31.9000,  526.6000, 480.4000, -25.0000,  0, 0, 0
L 526.6000, 480.4000, -25.0000,  526.4000, 458.3000, -27.5000,  0, 0, 0
L 526.4000, 458.3000, -27.5000,  522.4000, 458.2000, -31.9000,  0, 0, 0
L 522.4000, 458.2000, -31.9000,  518.4000, 449.4000, -30.9000,  0, 0, 0
L 518.4000, 449.4000, -30.9000,  521.4000, 441.9000, -31.8000,  0, 0, 0
L 521.4000, 441.9000, -31.8000,  527.7000, 440.3000, -26.1000,  0, 0, 0
L 527.7000, 440.3000, -26.1000,  526.4000, 416.4000, -27.6000,  0, 0, 0
L 526.4000, 416.4000, -27.6000,  521.1000, 415.4000, -32.0000,  0, 0, 0
L 521.1000, 415.4000, -32.0000,  519.0000, 407.2000, -30.8000,  0, 0, 0
L 519.0000, 407.2000, -30.8000,  523.5000, 399.4000, -31.2000,  0, 0, 0
L 523.5000, 399.4000, -31.2000,  527.9000, 398.3000, -26.1000,  0, 0, 0
L 527.9000, 398.3000, -26.1000,  527.5000, 290.2000, -26.4000,  0, 0, 0
L 527.5000, 290.2000, -26.4000,  484.5000, 290.5000, -26.4000,  0, 0, 0
L 484.5000, 290.5000, -26.4000,  483.7000, 326.1000, -26.9000,  0, 0, 0
L 483.7000, 326.1000, -26.9000,  483.7000, 332.2000, -27.1000,  0, 0, 0
L 483.7000, 332.2000, -27.1000,  476.0000, 335.5000, -27.1000,  0, 0, 0
L 476.0000, 335.5000, -27.1000,  441.8000, 346.9000, -24.2000,  0, 0, 0
L 441.8000, 346.9000, -24.2000,  438.2000, 348.9000, -23.7000,  0, 0, 0
L 438.2000, 348.9000, -23.7000,  435.3000, 348.6000, -23.8000,  0, 0, 0
L 435.3000, 348.6000, -23.8000,  432.1000, 344.7000, -25.1000,  0, 0, 0
L 432.1000, 344.7000, -25.1000,  432.4000, 337.8000, -25.6000,  0, 0, 0
L 432.4000, 337.8000, -25.6000,  428.1000, 336.9000, -25.7000,  150, 150, 150
L 428.1000, 336.9000, -25.7000,  427.6000, 329.0000, -25.5000,  150, 150, 150
L 427.6000, 329.0000, -25.5000,  432.8000, 328.5000, -25.6000,  150, 150, 150
L 432.8000, 328.5000, -25.6000,  432.6000, 326.3000, -25.6000,  0, 0, 0
L 432.6000, 326.3000, -25.6000,  431.5000, 324.9000, -25.7000,  0, 0, 0
L 431.5000, 324.9000, -25.7000,  431.4000, 319.4000, -25.5000,  0, 0, 0
L 431.4000, 319.4000, -25.5000,  368.8000, 319.5000, -25.7000,  0, 0, 0
L 368.8000, 319.5000, -25.7000,  367.3000, 320.7000, -25.7000,  0, 0, 0
L 367.3000, 320.7000, -25.7000,  362.0000, 320.4000, -25.6000,  0, 0, 0
L 362.0000, 320.4000, -25.6000,  362.0000, 383.3000, -25.5000,  0, 0, 0
L 362.0000, 383.3000, -25.5000,  363.0000, 384.8000, -25.7000,  0, 0, 0
L 363.0000, 384.8000, -25.7000,  363.0000, 389.1000, -25.6000,  0, 0, 0
L 363.0000, 389.1000, -25.6000,  361.9000, 390.2000, -25.6000,  0, 0, 0
L 361.9000, 390.2000, -25.6000,  361.7000, 392.3000, -25.6000,  0, 0, 0
L 361.7000, 392.3000, -25.6000,  365.9000, 392.9000, -25.5000,  150, 150, 150
L 365.9000, 392.9000, -25.5000,  366.0000, 401.3000, -25.7000,  150, 150, 150
L 366.0000, 401.3000, -25.7000,  362.1000, 401.0000, -25.6000,  150, 150, 150
L 114.9000, 159.8000, -11.0000,  105.6000, 160.2000, -16.8000,  0, 0, 0
L 115.3000, 151.1000, -10.7000,  106.1000, 150.7000, -16.8000,  0, 0, 0
L 105.4000, 121.4000, -16.7000,  106.2000, 138.8000, -16.7000,  150, 150, 150
L 100.3000, 119.6000, -16.7000,  95.1000, 117.7000, -16.7000,  150, 150, 150
L 100.6000, 141.9000, -16.7000,  106.2000, 138.8000, -16.7000,  150, 150, 150
L 100.3000, 119.6000, -16.7000,  100.6000, 141.9000, -16.7000,  150, 150, 150
L 5.6000, 27.0000, -16.6000,  -11.6000, 27.5000, -16.7000,  150, 150, 150
L 8.4000, 32.9000, -16.6000,  5.6000, 27.0000, -16.6000,  150, 150, 150
L -13.8000, 33.0000, -16.6000,  -16.0000, 38.5000, -16.6000,  150, 150, 150
L 8.4000, 32.9000, -16.6000,  -13.8000, 33.0000, -16.6000,  150, 150, 150
L 633.8000, 506.6000, -25.2000,  625.8000, 506.0000, -25.2000,  0, 0, 0
L 625.8000, 506.0000, -25.2000,  626.0000, 502.6000, -25.3000,  0, 0, 0
L 626.0000, 502.6000, -25.3000,  618.8000, 502.2000, -24.3000,  0, 0, 0
L 618.8000, 502.2000, -24.3000,  617.7000, 506.6000, -25.4000,  0, 0, 0
L 617.7000, 506.6000, -25.4000,  614.9000, 506.3000, -25.3000,  0, 0, 0
L 614.9000, 506.3000, -25.3000,  565.3000, 457.0000, -25.2000,  0, 0, 0
L 565.3000, 457.0000, -25.2000,  565.1000, 387.1000, -25.2000,  0, 0, 0
L 565.1000, 387.1000, -25.2000,  614.3000, 337.7000, -25.3000,  0, 0, 0
L 614.3000, 337.7000, -25.3000,  684.4000, 337.3000, -25.2000,  0, 0, 0
L 684.4000, 337.3000, -25.2000,  733.8000, 386.7000, -25.1000,  0, 0, 0
L 733.8000, 386.7000, -25.1000,  734.2000, 396.0000, -24.8000,  0, 0, 0
L 734.2000, 396.0000, -24.8000,  730.7000, 396.2000, -25.0000,  0, 0, 0
L 730.7000, 396.2000, -25.0000,  729.9000, 404.4000, -25.4000,  0, 0, 0
L 729.9000, 404.4000, -25.4000,  734.1000, 403.9000, -25.2000,  0, 0, 0
L 734.1000, 403.9000, -25.2000,  733.7000, 411.7000, -24.7000,  0, 0, 0
L 733.7000, 411.7000, -24.7000,  737.2000, 415.7000, -23.5000,  0, 0, 0
L 737.2000, 415.7000, -23.5000,  739.9000, 415.8000, -23.4000,  0, 0, 0
L 739.9000, 415.8000, -23.4000,  743.6000, 413.9000, -23.9000,  0, 0, 0
L 743.6000, 413.9000, -23.9000,  762.3000, 407.7000, -23.1000,  0, 0, 0
L 762.3000, 407.7000, -23.1000,  777.9000, 402.7000, -26.6000,  0, 0, 0
L 777.9000, 402.7000, -26.6000,  784.4000, 401.6000, -27.4000,  0, 0, 0
L 784.4000, 401.6000, -27.4000,  785.5000, 397.3000, -26.3000,  0, 0, 0
L 785.5000, 397.3000, -26.3000,  785.0000, 391.0000, -26.3000,  0, 0, 0
L 785.0000, 391.0000, -26.3000,  785.4000, 360.0000, -37.2000,  0, 0, 0
L 785.4000, 360.0000, -37.2000,  784.4000, 289.3000, -46.8000,  0, 0, 0
L 784.4000, 289.3000, -46.8000,  790.2000, 271.6000, -46.3000,  0, 0, 0
L 790.2000, 271.6000, -46.3000,  797.4000, 266.0000, -50.4000,  0, 0, 0
L 797.4000, 266.0000, -50.4000,  817.0000, 259.9000, -49.6000,  0, 0, 0
L 817.0000, 259.9000, -49.6000,  830.7000, 260.6000, -51.2000,  0, 0, 0
L 830.7000, 260.6000, -51.2000,  837.0000, 260.5000, -51.3000,  0, 0, 0
L 837.0000, 260.5000, -51.3000,  870.7000, 261.2000, -64.0000,  0, 0, 0
L 870.7000, 261.2000, -64.0000,  877.7000, 261.1000, -63.8000,  0, 0, 0
L 877.7000, 261.1000, -63.8000,  888.7000, 262.4000, -59.2000,  0, 0, 0
L 888.7000, 262.4000, -59.2000,  977.7000, 260.6000, -63.7000,  0, 0, 0
L 977.7000, 260.6000, -63.7000,  986.6000, 260.9000, -58.5000,  0, 0, 0
L 986.6000, 260.9000, -58.5000,  1012.8000, 261.2000, -62.8000,  0, 0, 0
L 1012.8000, 261.2000, -62.8000,  1012.7000, 305.6000, -64.4000,  0, 0, 0
L 1012.7000, 305.6000, -64.4000,  971.3000, 305.5000, -64.9000,  0, 0, 0
L 971.3000, 305.5000, -64.9000,  968.9000, 312.2000, -63.6000,  0, 0, 0
L 968.9000, 312.2000, -63.6000,  958.1000, 347.0000, -61.4000,  0, 0, 0
L 958.1000, 347.0000, -61.4000,  956.6000, 353.7000, -61.3000,  0, 0, 0
L 956.6000, 353.7000, -61.3000,  959.5000, 356.2000, -62.5000,  0, 0, 0
L 959.5000, 356.2000, -62.5000,  967.5000, 356.7000, -62.6000,  0, 0, 0
L 967.5000, 356.7000, -62.6000,  967.0000, 360.5000, -62.7000,  0, 0, 0
L 967.0000, 360.5000, -62.7000,  975.4000, 361.0000, -62.5000,  0, 0, 0
L 975.4000, 361.0000, -62.5000,  975.6000, 356.1000, -62.7000,  0, 0, 0
L 975.6000, 356.1000, -62.7000,  978.1000, 356.4000, -62.6000,  0, 0, 0
L 978.1000, 356.4000, -62.6000,  979.1000, 425.9000, -62.6000,  0, 0, 0
L 979.1000, 425.9000, -62.6000,  979.8000, 427.8000, -62.5000,  0, 0, 0
L 979.8000, 427.8000, -62.5000,  985.0000, 428.2000, -62.7000,  0, 0, 0
L 985.0000, 428.2000, -62.7000,  986.3000, 427.3000, -62.6000,  0, 0, 0
L 986.3000, 427.3000, -62.6000,  1030.6000, 427.2000, -62.3000,  0, 0, 0
L 1030.6000, 427.2000, -62.3000,  1047.7997, 427.0000, -62.8000,  0, 0, 0
L 1047.7997, 427.0000, -62.8000,  1048.2997, 496.9000, -62.7000,  0, 0, 0
L 1048.2997, 496.9000, -62.7000,  1039.3998, 497.7000, -62.4000,  0, 0, 0
L 1039.3998, 497.7000, -62.4000,  1039.1000, 494.0000, -62.3000,  0, 0, 0
L 1039.1000, 494.0000, -62.3000,  1030.8998, 493.3000, -62.6000,  0, 0, 0
L 1030.8998, 493.3000, -62.6000,  1031.1000, 497.6000, -62.9000,  0, 0, 0
L 1031.1000, 497.6000, -62.9000,  1022.5000, 497.3000, -62.3000,  0, 0, 0
L 1022.5000, 497.3000, -62.3000,  1019.7000, 499.6000, -61.1000,  0, 0, 0
L 1019.7000, 499.6000, -61.1000,  1020.0000, 504.1000, -61.1000,  0, 0, 0
L 944.4000, 589.8000, -63.0000,  944.5000, 545.4000, -64.6000,  0, 0, 0
L 944.5000, 545.4000, -64.6000,  979.4000, 546.1000, -64.3000,  0, 0, 0
L 979.4000, 546.1000, -64.3000,  987.8000, 544.8000, -65.6000,  0, 0, 0
L 987.8000, 544.8000, -65.6000,  989.4000, 540.1000, -63.2000,  0, 0, 0
L 989.4000, 540.1000, -63.2000,  999.5000, 506.4000, -61.4000,  0, 0, 0
L 999.5000, 506.4000, -61.4000,  1001.2000, 502.4000, -61.4000,  0, 0, 0
L 1001.2000, 502.4000, -61.4000,  1000.7000, 500.6000, -61.5000,  0, 0, 0
L 1000.7000, 500.6000, -61.5000,  997.0000, 497.6000, -62.5000,  0, 0, 0
L 997.0000, 497.6000, -62.5000,  989.8000, 497.4000, -62.7000,  0, 0, 0
L 989.8000, 497.4000, -62.7000,  990.5000, 493.9000, -62.9000,  0, 0, 0
L 990.5000, 493.9000, -62.9000,  981.7000, 494.1000, -62.7000,  0, 0, 0
L 981.7000, 494.1000, -62.7000,  981.7000, 498.0000, -62.9000,  0, 0, 0
L 981.7000, 498.0000, -62.9000,  838.2000, 497.4000, -62.7000,  0, 0, 0
L 838.2000, 497.4000, -62.7000,  837.8000, 428.3000, -62.7000,  0, 0, 0
L 837.8000, 428.3000, -62.7000,  907.3000, 427.5000, -62.7000,  0, 0, 0
L 907.3000, 427.5000, -62.7000,  909.5000, 424.0000, -62.7000,  0, 0, 0
L 909.5000, 424.0000, -62.7000,  910.4000, 357.4000, -62.7000,  0, 0, 0
L 910.4000, 357.4000, -62.7000,  917.8000, 356.2000, -62.6000,  0, 0, 0
L 917.8000, 356.2000, -62.6000,  918.3000, 359.9000, -61.9000,  0, 0, 0
L 918.3000, 359.9000, -61.9000,  926.5000, 360.7000, -62.8000,  0, 0, 0
L 926.5000, 360.7000, -62.8000,  925.8000, 356.6000, -62.7000,  0, 0, 0
L 925.8000, 356.6000, -62.7000,  935.7000, 356.6000, -62.3000,  0, 0, 0
L 935.7000, 356.6000, -62.3000,  937.1000, 355.3000, -61.7000,  0, 0, 0
L 937.1000, 355.3000, -61.7000,  937.5000, 350.2000, -60.9000,  0, 0, 0
L 937.5000, 350.2000, -60.9000,  924.6000, 312.7000, -64.0000,  0, 0, 0
L 924.6000, 312.7000, -64.0000,  924.3000, 306.7000, -65.2000,  0, 0, 0
L 924.3000, 306.7000, -65.2000,  919.6000, 305.6000, -64.0000,  0, 0, 0
L 919.6000, 305.6000, -64.0000,  913.0000, 305.8000, -63.8000,  0, 0, 0
L 913.0000, 305.8000, -63.8000,  838.1000, 305.2000, -51.6000,  0, 0, 0
L 838.1000, 305.2000, -51.6000,  831.0000, 304.9000, -52.1000,  0, 0, 0
L 831.0000, 304.9000, -52.1000,  829.5000, 308.1000, -51.9000,  0, 0, 0
L 829.5000, 308.1000, -51.9000,  830.1000, 415.5000, -23.4000,  0, 0, 0
L 830.1000, 415.5000, -23.4000,  830.1000, 464.0000, -20.9000,  0, 0, 0
L 830.1000, 464.0000, -20.9000,  829.3000, 490.9000, -25.3000,  0, 0, 0
L 829.3000, 490.9000, -25.3000,  784.9000, 490.8000, -27.0000,  0, 0, 0
L 784.9000, 490.8000, -27.0000,  786.0000, 453.2000, -26.6000,  0, 0, 0
L 786.0000, 453.2000, -26.6000,  782.2000, 445.8000, -27.0000,  0, 0, 0
L 782.2000, 445.8000, -27.0000,  778.2000, 447.0000, -26.2000,  0, 0, 0
L 778.2000, 447.0000, -26.2000,  743.3000, 436.2000, -23.9000,  0, 0, 0
L 743.3000, 436.2000, -23.9000,  739.1000, 434.1000, -23.8000,  0, 0, 0
L 739.1000, 434.1000, -23.8000,  737.6000, 434.3000, -24.0000,  0, 0, 0
L 737.6000, 434.3000, -24.0000,  734.5000, 436.7000, -25.1000,  0, 0, 0
L 734.5000, 436.7000, -25.1000,  733.8000, 445.6000, -25.1000,  0, 0, 0
L 733.8000, 445.6000, -25.1000,  730.5000, 446.1000, -23.4000,  0, 0, 0
L 730.5000, 446.1000, -23.4000,  729.9000, 453.8000, -25.1000,  0, 0, 0
L 729.9000, 453.8000, -25.1000,  734.5000, 453.8000, -25.4000,  0, 0, 0
L 734.5000, 453.8000, -25.4000,  734.2000, 456.2000, -25.2000,  0, 0, 0
L 734.2000, 456.2000, -25.2000,  684.8000, 506.1000, -25.2000,  0, 0, 0
L 684.8000, 506.1000, -25.2000,  675.5000, 506.5000, -25.4000,  0, 0, 0
L 675.5000, 506.5000, -25.4000,  675.6000, 501.6000, -25.2000,  0, 0, 0
L 675.6000, 501.6000, -25.2000,  666.8000, 501.4000, -25.5000,  0, 0, 0
L 666.8000, 501.4000, -25.5000,  667.5000, 506.3000, -25.3000,  0, 0, 0
L 1019.7000, 503.6000, -61.0000,  1021.3000, 506.6000, -61.4000,  0, 0, 0
L 1021.3000, 506.6000, -61.4000,  1033.7000, 544.7000, -65.1000,  0, 0, 0
L 1033.7000, 544.7000, -65.1000,  1044.2000, 545.2000, -64.0000,  0, 0, 0
L 1044.2000, 545.2000, -64.0000,  1052.7997, 544.8000, -60.1000,  0, 0, 0
L 1052.7997, 544.8000, -60.1000,  1054.2997, 550.6000, -68.7000,  0, 0, 0
L 1054.2997, 550.6000, -68.7000,  1062.3998, 555.1000, -68.1000,  0, 0, 0
L 1062.3998, 555.1000, -68.1000,  1071.6000, 549.7000, -68.1000,  0, 0, 0
L 1071.6000, 549.7000, -68.1000,  1071.7997, 544.7000, -59.7000,  0, 0, 0
L 1071.7997, 544.7000, -59.7000,  1127.1000, 545.1000, -77.7000,  0, 0, 0
L 1127.1000, 545.1000, -77.7000,  1127.7997, 540.9000, -76.7000,  0, 0, 0
L 1127.7997, 540.9000, -76.7000,  1127.2997, 525.8000, -72.6000,  0, 0, 0
L 1127.2997, 525.8000, -72.6000,  1127.5000, 484.0000, -72.7000,  0, 0, 0
L 1127.5000, 484.0000, -72.7000,  1133.8998, 482.2000, -81.6000,  0, 0, 0
L 1133.8998, 482.2000, -81.6000,  1138.1000, 474.4000, -80.7000,  0, 0, 0
L 1138.1000, 474.4000, -80.7000,  1132.7997, 465.4000, -81.5000,  0, 0, 0
L 1132.7997, 465.4000, -81.5000,  1127.3998, 465.1000, -72.4000,  0, 0, 0
L 1127.3998, 465.1000, -72.4000,  1127.2997, 431.1000, -72.3000,  0, 0, 0
L 1127.2997, 431.1000, -72.3000,  1133.1000, 415.1000, -71.9000,  0, 0, 0
L 1133.1000, 415.1000, -71.9000,  1140.5000, 409.5000, -76.0000,  0, 0, 0
L 1140.5000, 409.5000, -76.0000,  1162.7997, 402.6000, -72.5000,  0, 0, 0
L 1162.7997, 402.6000, -72.5000,  1179.8998, 404.0000, -76.8000,  0, 0, 0
L 1179.8998, 404.0000, -76.8000,  1188.5000, 403.6000, -73.0000,  0, 0, 0
L 1188.5000, 403.6000, -73.0000,  1190.7997, 411.2000, -81.8000,  0, 0, 0
L 1190.7997, 411.2000, -81.8000,  1198.1000, 413.9000, -80.9000,  0, 0, 0
L 1198.1000, 413.9000, -80.9000,  1205.8998, 410.8000, -82.0000,  0, 0, 0
L 1205.8998, 410.8000, -82.0000,  1207.3998, 403.5000, -72.7000,  0, 0, 0
L 1207.3998, 403.5000, -72.7000,  1270.7997, 404.2000, -83.8000,  0, 0, 0
L 1270.7997, 404.2000, -83.8000,  1272.1000, 410.0000, -93.2000,  0, 0, 0
L 1272.1000, 410.0000, -93.2000,  1279.6000, 414.4000, -93.3000,  0, 0, 0
L 1279.6000, 414.4000, -93.3000,  1288.1000, 410.9000, -94.2000,  0, 0, 0
L 1288.1000, 410.9000, -94.2000,  1289.6000, 404.9000, -84.2000,  0, 0, 0
L 1289.6000, 404.9000, -84.2000,  1397.7000, 404.9000, -88.1000,  0, 0, 0
L 1397.7000, 404.9000, -88.1000,  1397.6000, 449.3000, -89.8000,  0, 0, 0
L 1397.6000, 449.3000, -89.8000,  1388.6000, 449.6000, -85.9000,  0, 0, 0
L 1388.6000, 449.6000, -85.9000,  1388.6000, 449.6000, -85.9000,  0, 0, 0
L 1388.6000, 449.6000, -85.9000,  1365.7997, 449.1000, -88.7000,  0, 0, 0
L 1365.7997, 449.1000, -88.7000,  1359.6000, 448.2000, -89.4000,  0, 0, 0
L 1359.6000, 448.2000, -89.4000,  1353.2997, 452.8000, -88.9000,  0, 0, 0
L 1353.2997, 452.8000, -88.9000,  1353.7997, 455.9000, -89.0000,  0, 0, 0
L 1353.7997, 455.9000, -89.0000,  1354.2000, 465.4000, -85.3000,  0, 0, 0
L 1354.2000, 465.4000, -85.3000,  1347.2997, 467.6000, -94.1000,  0, 0, 0
L 1347.2997, 467.6000, -94.1000,  1344.5000, 475.3000, -93.2000,  0, 0, 0
L 1344.5000, 475.3000, -93.2000,  1348.2997, 483.7000, -94.2000,  0, 0, 0
L 1348.2997, 483.7000, -94.2000,  1354.2997, 484.4000, -84.9000,  0, 0, 0
L 1354.2997, 484.4000, -84.9000,  1353.3998, 534.3000, -89.1000,  0, 0, 0
L 1353.3998, 534.3000, -89.1000,  1353.2997, 539.5000, -89.0000,  0, 0, 0
L 1353.2997, 539.5000, -89.0000,  1356.2000, 542.9000, -89.1000,  0, 0, 0
L 1356.2000, 542.9000, -89.1000,  1365.5000, 544.7000, -86.5000,  0, 0, 0
L 1365.5000, 544.7000, -86.5000,  1392.2000, 553.5000, -86.7000,  0, 0, 0
L 1392.2000, 553.5000, -86.7000,  1399.0000, 555.0000, -86.7000,  0, 0, 0
L 1399.0000, 555.0000, -86.7000,  1401.6000, 551.9000, -87.8000,  0, 0, 0
L 1401.6000, 551.9000, -87.8000,  1401.6000, 543.9000, -87.9000,  0, 0, 0
L 1401.6000, 543.9000, -87.9000,  1405.7997, 544.1000, -87.9000,  0, 0, 0
L 1405.7997, 544.1000, -87.9000,  1405.5000, 536.8000, -87.4000,  0, 0, 0
L 1405.5000, 536.8000, -87.4000,  1401.0000, 535.9000, -88.1000,  0, 0, 0
L 1401.0000, 535.9000, -88.1000,  1401.2997, 533.6000, -88.0000,  0, 0, 0
L 1401.2997, 533.6000, -88.0000,  1402.7000, 532.5000, -88.0000,  0, 0, 0
L 1402.7000, 532.5000, -88.0000,  1466.5000, 506.0000, -86.0000,  0, 0, 0
L 1466.5000, 506.0000, -86.0000,  1530.8998, 532.1000, -88.1000,  0, 0, 0
L 1530.8998, 532.1000, -88.1000,  1532.3998, 533.7000, -88.0000,  0, 0, 0
L 1532.3998, 533.7000, -88.0000,  1532.5000, 536.3000, -87.5000,  0, 0, 0
L 1532.5000, 536.3000, -87.5000,  1528.2000, 536.1000, -87.8000,  0, 0, 0
L 1528.2000, 536.1000, -87.8000,  1528.6000, 544.8000, -88.1000,  0, 0, 0
L 1528.6000, 544.8000, -88.1000,  1532.2000, 544.7000, -88.0000,  0, 0, 0
L 1532.2000, 544.7000, -88.0000,  1532.3998, 586.0000, -87.9000,  0, 0, 0
L 1532.3998, 586.0000, -87.9000,  1529.1000, 586.4000, -85.7000,  0, 0, 0
L 1529.1000, 586.4000, -85.7000,  1528.5000, 593.8000, -87.8000,  0, 0, 0
L 1528.5000, 593.8000, -87.8000,  1532.6000, 593.9000, -87.8000,  0, 0, 0
L 1532.6000, 593.9000, -87.8000,  1532.3998, 596.6000, -87.9000,  0, 0, 0
L 1532.3998, 596.6000, -87.9000,  1531.7997, 602.9000, -87.8000,  0, 0, 0
L 1531.7997, 602.9000, -87.8000,  1467.2997, 629.7000, -88.1000,  0, 0, 0
L 1467.2997, 629.7000, -88.1000,  1401.7997, 602.7000, -88.0000,  0, 0, 0
L 1401.7997, 602.7000, -88.0000,  1401.2000, 593.7000, -88.0000,  0, 0, 0
L 1401.2000, 593.7000, -88.0000,  1406.1000, 593.7000, -87.9000,  0, 0, 0
L 1406.1000, 593.7000, -87.9000,  1405.6000, 585.5000, -87.8000,  0, 0, 0
L 1405.6000, 585.5000, -87.8000,  1401.5000, 585.6000, -88.2000,  0, 0, 0
L 1401.5000, 585.6000, -88.2000,  1401.7000, 577.0000, -87.6000,  0, 0, 0
L 1401.7000, 577.0000, -87.6000,  1399.2997, 573.7000, -86.3000,  0, 0, 0
L 1399.2997, 573.7000, -86.3000,  1395.2997, 573.8000, -86.3000,  0, 0, 0
L 1395.2997, 573.8000, -86.3000,  1392.7000, 575.4000, -86.6000,  0, 0, 0
L 1392.7000, 575.4000, -86.6000,  1355.5000, 586.8000, -89.8000,  0, 0, 0
L 1355.5000, 586.8000, -89.8000,  1353.5000, 590.3000, -90.0000,  0, 0, 0
L 1353.5000, 590.3000, -90.0000,  1353.7997, 597.9000, -89.2000,  0, 0, 0
L 1353.7997, 597.9000, -89.2000,  1353.2000, 632.7000, -86.9000,  0, 0, 0
L 1353.2000, 632.7000, -86.9000,  1308.7000, 632.6000, -88.7000,  0, 0, 0
L 1308.7000, 632.6000, -88.7000,  1308.7000, 484.0000, -83.8000,  0, 0, 0
L 1308.7000, 484.0000, -83.8000,  1315.2000, 483.2000, -94.3000,  0, 0, 0
L 1315.2000, 483.2000, -94.3000,  1318.7000, 475.5000, -93.3000,  0, 0, 0
L 1318.7000, 475.5000, -93.3000,  1314.2997, 466.7000, -94.0000,  0, 0, 0
L 1314.2997, 466.7000, -94.0000,  1309.2997, 465.2000, -84.1000,  0, 0, 0
L 1309.2997, 465.2000, -84.1000,  1309.7997, 452.6000, -89.4000,  0, 0, 0
L 1309.7997, 452.6000, -89.4000,  1304.3998, 449.3000, -89.3000,  0, 0, 0
L 1304.3998, 449.3000, -89.3000,  1289.2997, 449.8000, -85.3000,  0, 0, 0
L 1289.2997, 449.8000, -85.3000,  1289.0000, 444.8000, -93.6000,  0, 0, 0
L 1289.0000, 444.8000, -93.6000,  1280.1000, 439.8000, -93.2000,  0, 0, 0
L 1280.1000, 439.8000, -93.2000,  1270.6000, 443.9000, -94.2000,  0, 0, 0
L 1270.6000, 443.9000, -94.2000,  1270.3998, 449.9000, -84.9000,  0, 0, 0
L 1270.3998, 449.9000, -84.9000,  1207.1000, 449.1000, -71.5000,  0, 0, 0
L 1207.1000, 449.1000, -71.5000,  1206.2000, 441.9000, -82.0000,  0, 0, 0
L 1206.2000, 441.9000, -82.0000,  1197.2997, 438.7000, -80.9000,  0, 0, 0
L 1197.2997, 438.7000, -80.9000,  1189.3998, 442.3000, -81.9000,  0, 0, 0
L 1189.3998, 442.3000, -81.9000,  1188.2000, 448.5000, -71.8000,  0, 0, 0
L 1188.2000, 448.5000, -71.8000,  1179.1000, 448.3000, -77.0000,  0, 0, 0
L 1179.1000, 448.3000, -77.0000,  1173.6000, 448.5000, -77.8000,  0, 0, 0
L 1173.6000, 448.5000, -77.8000,  1172.0000, 453.6000, -76.8000,  0, 0, 0
L 1172.0000, 453.6000, -76.8000,  1173.0000, 465.5000, -71.2000,  0, 0, 0
L 1173.0000, 465.5000, -71.2000,  1167.2997, 466.5000, -81.4000,  0, 0, 0
L 1167.2997, 466.5000, -81.4000,  1160.8998, 471.7000, -81.0000,  0, 0, 0
L 1160.8998, 471.7000, -81.0000,  1165.7000, 482.1000, -81.6000,  0, 0, 0
L 1165.7000, 482.1000, -81.6000,  1172.3998, 484.3000, -71.6000,  0, 0, 0
L 1172.3998, 484.3000, -71.6000,  1173.2997, 558.9000, -72.5000,  0, 0, 0
L 1173.2997, 558.9000, -72.5000,  1172.5000, 732.9000, -96.3000,  0, 0, 0
L 1172.5000, 732.9000, -96.3000,  1172.5000, 732.9000, -96.3000,  0, 0, 0
L 1172.5000, 732.9000, -96.3000,  1165.7000, 734.3000, -106.7000,  0, 0, 0
L 1165.7000, 734.3000, -106.7000,  1162.3998, 742.6000, -105.8000,  0, 0, 0
L 1162.3998, 742.6000, -105.8000,  1165.3998, 749.7000, -106.7000,  0, 0, 0
L 1165.3998, 749.7000, -106.7000,  1171.7997, 751.7000, -96.7000,  0, 0, 0
L 1171.7997, 751.7000, -96.7000,  1172.2997, 767.2000, -103.6000,  0, 0, 0
L 1172.2997, 767.2000, -103.6000,  1177.2000, 767.7000, -101.8000,  0, 0, 0
L 1177.2000, 767.7000, -101.8000,  1292.7997, 766.3000, -98.0000,  0, 0, 0
L 1292.7997, 766.3000, -98.0000,  1295.3998, 772.4000, -104.5000,  0, 0, 0
L 1295.3998, 772.4000, -104.5000,  1302.1000, 776.2000, -105.9000,  0, 0, 0
L 1302.1000, 776.2000, -105.9000,  1311.7997, 772.3000, -106.9000,  0, 0, 0
L 1311.7997, 772.3000, -106.9000,  1311.7997, 766.2000, -97.6000,  0, 0, 0
L 1311.7997, 766.2000, -97.6000,  1345.7997, 766.2000, -97.6000,  0, 0, 0
L 1345.7997, 766.2000, -97.6000,  1361.7000, 772.0000, -97.3000,  0, 0, 0
L 1361.7000, 772.0000, -97.3000,  1367.2000, 777.5000, -97.5000,  0, 0, 0
L 1367.2000, 777.5000, -97.5000,  1374.2000, 802.3000, -97.6000,  0, 0, 0
L 1374.2000, 802.3000, -97.6000,  1373.2000, 827.4000, -99.0000,  0, 0, 0
L 1373.2000, 827.4000, -99.0000,  1366.2997, 828.9000, -107.0000,  0, 0, 0
L 1366.2997, 828.9000, -107.0000,  1363.2000, 837.6000, -106.2000,  0, 0, 0
L 1363.2000, 837.6000, -106.2000,  1366.3998, 844.9000, -107.2000,  0, 0, 0
L 1366.3998, 844.9000, -107.2000,  1373.3998, 846.3000, -98.0000,  0, 0, 0
L 1373.3998, 846.3000, -98.0000,  1371.7997, 900.1000, -114.9000,  0, 0, 0
L 1371.7997, 900.1000, -114.9000,  1379.0000, 902.7000, -114.7000,  0, 0, 0
L 1379.0000, 902.7000, -114.7000,  1389.6000, 901.7000, -108.7000,  0, 0, 0
L 1389.6000, 901.7000, -108.7000,  1459.2000, 902.8000, -114.4000,  0, 0, 0
L 1459.2000, 902.8000, -114.4000,  1463.8998, 902.7000, -114.8000,  0, 0, 0
L 1463.8998, 902.7000, -114.8000,  1468.2997, 900.8000, -115.2000,  0, 0, 0
L 1468.2997, 900.8000, -115.2000,  1467.8998, 895.3000, -114.0000,  0, 0, 0
L 1467.8998, 895.3000, -114.0000,  1479.0000, 857.5000, -111.7000,  0, 0, 0
L 1479.0000, 857.5000, -111.7000,  1480.8998, 852.6000, -111.6000,  0, 0, 0
L 1480.8998, 852.6000, -111.6000,  1480.7997, 850.6000, -112.3000,  0, 0, 0
L 1480.7997, 850.6000, -112.3000,  1478.2997, 848.6000, -112.9000,  0, 0, 0
L 1478.2997, 848.6000, -112.9000,  1469.5000, 848.1000, -112.9000,  0, 0, 0
L 1469.5000, 848.1000, -112.9000,  1468.8998, 844.3000, -111.8000,  0, 0, 0
L 1468.8998, 844.3000, -111.8000,  1462.5000, 843.9000, -112.9000,  0, 0, 0
L 1462.5000, 843.9000, -112.9000,  1461.3998, 848.7000, -113.2000,  0, 0, 0
L 1461.3998, 848.7000, -113.2000,  1458.5000, 848.1000, -113.0000,  0, 0, 0
L 1458.5000, 848.1000, -113.0000,  1458.1000, 709.1000, -112.9000,  0, 0, 0
L 1458.1000, 709.1000, -112.9000,  1527.7000, 708.2000, -112.9000,  0, 0, 0
L 1527.7000, 708.2000, -112.9000,  1528.2997, 847.9000, -112.9000,  0, 0, 0
L 1528.2997, 847.9000, -112.9000,  1519.2000, 848.6000, -113.0000,  0, 0, 0
L 1519.2000, 848.6000, -113.0000,  1520.2000, 843.9000, -112.9000,  0, 0, 0
L 1520.2000, 843.9000, -112.9000,  1511.0000, 843.9000, -113.2000,  0, 0, 0
L 1511.0000, 843.9000, -113.2000,  1511.2000, 848.4000, -113.0000,  0, 0, 0
L 1511.2000, 848.4000, -113.0000,  1502.6000, 848.0000, -112.8000,  0, 0, 0
L 1502.6000, 848.0000, -112.8000,  1500.3998, 849.7000, -112.0000,  0, 0, 0
L 1500.3998, 849.7000, -112.0000,  1499.6000, 854.7000, -111.3000,  0, 0, 0
L 1499.6000, 854.7000, -111.3000,  1501.0000, 857.2000, -111.7000,  0, 0, 0
L 1501.0000, 857.2000, -111.7000,  1512.2997, 894.9000, -114.4000,  0, 0, 0
L 1512.2997, 894.9000, -114.4000,  1511.7997, 897.7000, -114.5000,  0, 0, 0
L 1511.7997, 897.7000, -114.5000,  1515.5000, 902.3000, -114.6000,  0, 0, 0
L 1515.5000, 902.3000, -114.6000,  1523.2997, 902.2000, -113.7000,  0, 0, 0
L 1523.2997, 902.2000, -113.7000,  1531.8998, 902.2000, -108.6000,  0, 0, 0
L 1531.8998, 902.2000, -108.6000,  1673.8998, 901.5000, -110.2000,  0, 0, 0
L 1673.8998, 901.5000, -110.2000,  1675.2997, 908.4000, -119.1000,  0, 0, 0
L 1675.2997, 908.4000, -119.1000,  1683.5000, 911.2000, -118.2000,  0, 0, 0
L 1683.5000, 911.2000, -118.2000,  1691.5000, 907.7000, -119.2000,  0, 0, 0
L 1691.5000, 907.7000, -119.2000,  1692.8998, 901.4000, -110.0000,  0, 0, 0
L 1692.8998, 901.4000, -110.0000,  1707.5000, 902.0000, -114.5000,  0, 0, 0
L 1707.5000, 902.0000, -114.5000,  1744.0000, 912.4000, -119.8000,  0, 0, 0
L 1744.0000, 912.4000, -119.8000,  1751.3998, 912.5000, -119.9000,  0, 0, 0
L 1751.3998, 912.5000, -119.9000,  1754.8998, 908.4000, -120.8000,  0, 0, 0
L 1754.8998, 908.4000, -120.8000,  1756.6000, 903.2000, -120.8000,  0, 0, 0
L 1756.6000, 903.2000, -120.8000,  1756.5000, 899.3000, -120.8000,  0, 0, 0
L 1756.5000, 899.3000, -120.8000,  1761.2000, 898.7000, -120.8000,  0, 0, 0
L 1761.2000, 898.7000, -120.8000,  1760.3998, 888.7000, -120.8000,  0, 0, 0
L 1760.3998, 888.7000, -120.8000,  1756.5000, 888.5000, -120.8000,  0, 0, 0
L 1756.5000, 888.5000, -120.8000,  1756.2000, 883.6000, -120.8000,  0, 0, 0
L 1756.2000, 883.6000, -120.8000,  1760.7997, 881.6000, -120.8000,  0, 0, 0
L 1760.7997, 881.6000, -120.8000,  1760.7997, 874.1000, -120.8000,  0, 0, 0
L 1760.7997, 874.1000, -120.8000,  1756.2000, 873.0000, -120.8000,  0, 0, 0
L 1756.2000, 873.0000, -120.8000,  1756.2000, 824.2000, -120.8000,  0, 0, 0
L 1756.2000, 824.2000, -120.8000,  1760.7997, 823.9000, -120.8000,  0, 0, 0
L 1760.7997, 823.9000, -120.8000,  1761.1000, 814.0000, -120.8000,  0, 0, 0
L 1761.1000, 814.0000, -120.8000,  1756.2000, 813.5000, -120.8000,  0, 0, 0
L 1756.2000, 813.5000, -120.8000,  1756.0000, 810.3000, -120.8000,  0, 0, 0
L 1756.0000, 810.3000, -120.8000,  1769.2000, 797.1000, -120.8000,  0, 0, 0
L 1769.2000, 797.1000, -120.8000,  1772.5000, 799.6000, -120.8000,  0, 0, 0
L 1772.5000, 799.6000, -120.8000,  1772.5000, 802.0000, -120.8000,  0, 0, 0
L 1772.5000, 802.0000, -120.8000,  1779.7997, 802.1000, -120.8000,  0, 0, 0
L 1779.7997, 802.1000, -120.8000,  1781.2000, 797.2000, -120.8000,  0, 0, 0
L 1781.2000, 797.2000, -120.8000,  1830.0000, 797.2000, -120.8000,  0, 0, 0
L 1830.0000, 797.2000, -120.8000,  1830.2997, 801.7000, -120.8000,  0, 0, 0
L 1830.2997, 801.7000, -120.8000,  1840.6000, 800.9000, -120.8000,  0, 0, 0
L 1840.6000, 800.9000, -120.8000,  1840.7000, 797.2000, -120.8000,  0, 0, 0
L 1840.7000, 797.2000, -120.8000,  1844.7997, 796.1000, -120.8000,  0, 0, 0
L 1844.7997, 796.1000, -120.8000,  1859.2997, 779.8000, -120.8000,  0, 0, 0
L 1859.2997, 779.8000, -120.8000,  1864.1000, 779.2000, -120.8000,  0, 0, 0
L 1864.1000, 779.2000, -120.8000,  1864.2000, 768.9000, -120.8000,  0, 0, 0
L 1864.2000, 768.9000, -120.8000,  1859.2000, 769.2000, -120.8000,  0, 0, 0
L 1859.2000, 769.2000, -120.8000,  1859.2000, 720.4000, -118.9000,  0, 0, 0
L 1859.2000, 720.4000, -118.9000,  1863.7997, 720.0000, -120.8000,  0, 0, 0
L 1863.7997, 720.0000, -120.8000,  1863.6000, 710.4000, -120.8000,  0, 0, 0
L 1863.6000, 710.4000, -120.8000,  1859.2997, 709.8000, -120.8000,  0, 0, 0
L 1859.2997, 709.8000, -120.8000,  1859.0000, 706.5000, -120.8000,  0, 0, 0
L 1859.0000, 706.5000, -120.8000,  1872.2000, 693.3000, -120.8000,  0, 0, 0
L 1872.2000, 693.3000, -120.8000,  1873.7000, 693.5000, -120.8000,  0, 0, 0
L 1873.7000, 693.5000, -120.8000,  1875.5000, 698.2000, -120.8000,  0, 0, 0
L 1875.5000, 698.2000, -120.8000,  1881.8998, 697.3000, -120.8000,  0, 0, 0
L 1881.8998, 697.3000, -120.8000,  1884.2997, 693.4000, -120.8000,  0, 0, 0
L 1884.2997, 693.4000, -120.8000,  1933.1000, 693.4000, -120.8000,  0, 0, 0
L 1933.1000, 693.4000, -120.8000,  1933.8998, 698.4000, -120.8000,  0, 0, 0
L 1933.8998, 698.4000, -120.8000,  1943.2000, 698.1000, -120.7000,  0, 0, 0
L 1943.2000, 698.1000, -120.7000,  1943.7997, 693.4000, -120.8000,  0, 0, 0
L 1943.7997, 693.4000, -120.8000,  1948.7000, 693.1000, -120.8000,  0, 0, 0
L 1948.7000, 693.1000, -120.8000,  1949.7000, 698.1000, -120.7000,  0, 0, 0
L 1949.7000, 698.1000, -120.7000,  1958.3998, 698.0000, -120.7000,  0, 0, 0
L 1958.3998, 698.0000, -120.7000,  1959.2997, 693.1000, -120.7000,  0, 0, 0
L 1959.2997, 693.1000, -120.7000,  1965.6000, 692.8000, -121.0000,  0, 0, 0
L 1965.6000, 692.8000, -121.0000,  1971.1000, 690.0000, -121.3000,  0, 0, 0
L 1971.1000, 690.0000, -121.3000,  1972.7997, 687.3000, -119.8000,  0, 0, 0
L 1972.7997, 687.3000, -119.8000,  1972.6000, 683.0000, -120.6000,  0, 0, 0
L 1972.6000, 683.0000, -120.6000,  1972.6000, 680.2000, -121.9000,  0, 0, 0
L 1972.6000, 680.2000, -121.9000,  1994.7000, 680.2000, -121.9000,  0, 0, 0
L 1994.7000, 680.2000, -121.9000,  1994.6000, 684.4000, -120.0000,  0, 0, 0
L 1994.6000, 684.4000, -120.0000,  1994.3998, 684.9000, -119.8000,  0, 0, 0
L 1994.3998, 684.9000, -119.8000,  1978.8998, 684.9000, -120.7000,  0, 0, 0
L 1978.8998, 684.9000, -120.7000,  1979.3998, 687.1000, -120.8000,  0, 0, 0
L 1979.3998, 687.1000, -120.8000,  1994.3998, 687.2000, -119.7000,  0, 0, 0
L 1994.3998, 687.2000, -119.7000,  1996.5000, 690.2000, -121.3000,  0, 0, 0
L 1996.5000, 690.2000, -121.3000,  2001.7997, 692.9000, -121.0000,  0, 0, 0
L 2001.7997, 692.9000, -121.0000,  2008.0000, 693.1000, -120.8000,  0, 0, 0
L 2008.0000, 693.1000, -120.8000,  2009.6000, 698.6000, -120.9000,  0, 0, 0
L 2009.6000, 698.6000, -120.9000,  2018.1000, 698.0000, -120.8000,  0, 0, 0
L 2018.1000, 698.0000, -120.8000,  2018.7000, 693.2000, -120.8000,  0, 0, 0
L 2018.7000, 693.2000, -120.8000,  2023.6000, 692.7000, -120.8000,  0, 0, 0
L 2023.6000, 692.7000, -120.8000,  2023.7997, 697.2000, -120.8000,  0, 0, 0
L 2023.7997, 697.2000, -120.8000,  2033.5000, 697.8000, -120.9000,  0, 0, 0
L 2033.5000, 697.8000, -120.9000,  2034.2997, 692.7000, -120.8000,  0, 0, 0
L 2034.2997, 692.7000, -120.8000,  2083.0999, 692.7000, -120.8000,  0, 0, 0
L 2083.0999, 692.7000, -120.8000,  2083.8997, 697.6000, -120.8000,  0, 0, 0
L 2083.8997, 697.6000, -120.8000,  2092.0000, 697.9000, -120.8000,  0, 0, 0
L 2092.0000, 697.9000, -120.8000,  2093.7996, 692.7000, -120.8000,  0, 0, 0
L 2093.7996, 692.7000, -120.8000,  2097.0000, 692.5000, -120.8000,  0, 0, 0
L 2097.0000, 692.5000, -120.8000,  2110.2000, 705.7000, -120.8000,  0, 0, 0
L 2110.2000, 705.7000, -120.8000,  2110.0000, 707.2000, -120.8000,  0, 0, 0
L 2110.0000, 707.2000, -120.8000,  2104.8997, 709.8000, -120.8000,  0, 0, 0
L 2104.8997, 709.8000, -120.8000,  2105.2000, 715.9000, -120.8000,  0, 0, 0
L 2105.2000, 715.9000, -120.8000,  2106.8997, 717.3000, -120.8000,  0, 0, 0
L 2106.8997, 717.3000, -120.8000,  2109.8997, 717.6000, -120.8000,  0, 0, 0
L 2109.8997, 717.6000, -120.8000,  2110.0999, 766.5000, -120.8000,  0, 0, 0
L 2110.0999, 766.5000, -120.8000,  2105.2996, 767.2000, -120.8000,  0, 0, 0
L 2105.2996, 767.2000, -120.8000,  2104.8997, 776.5000, -120.8000,  0, 0, 0
L 2104.8997, 776.5000, -120.8000,  2110.0999, 777.2000, -120.8000,  0, 0, 0
L 1692.5000, 947.0000, -108.7000,  1691.0000, 937.6000, -119.5000,  0, 0, 0
L 1691.0000, 937.6000, -119.5000,  1686.6000, 934.3000, -118.6000,  0, 0, 0
L 1686.6000, 934.3000, -118.6000,  1674.7997, 939.9000, -119.2000,  0, 0, 0
L 1674.7997, 939.9000, -119.2000,  1673.6000, 946.4000, -109.1000,  0, 0, 0
L 1673.6000, 946.4000, -109.1000,  1621.8998, 945.9000, -114.3000,  0, 0, 0
L 1621.8998, 945.9000, -114.3000,  1614.8998, 946.9000, -115.7000,  0, 0, 0
L 1614.8998, 946.9000, -115.7000,  1613.7000, 953.5000, -113.9000,  0, 0, 0
L 1613.7000, 953.5000, -113.9000,  1602.7000, 990.9000, -111.6000,  0, 0, 0
L 1602.7000, 990.9000, -111.6000,  1600.5000, 995.7000, -111.5000,  0, 0, 0
L 1600.5000, 995.7000, -111.5000,  1600.6000, 997.1000, -111.6000,  0, 0, 0
L 1600.6000, 997.1000, -111.6000,  1603.6000, 1000.0000, -112.8000,  0, 0, 0
L 1603.6000, 1000.0000, -112.8000,  1612.1000, 1000.6000, -112.8000,  0, 0, 0
L 1612.1000, 1000.6000, -112.8000,  1611.7997, 1005.1000, -112.8000,  0, 0, 0
L 1611.7997, 1005.1000, -112.8000,  1619.7000, 1004.6000, -112.8000,  0, 0, 0
L 1619.7000, 1004.6000, -112.8000,  1620.2000, 1000.0000, -113.0000,  0, 0, 0
L 1620.2000, 1000.0000, -113.0000,  1693.0000, 999.9000, -112.8000,  0, 0, 0
L 1693.0000, 999.9000, -112.8000,  1693.8998, 1139.2000, -113.0000,  0, 0, 0
L 1693.8998, 1139.2000, -113.0000,  1554.6000, 1139.7000, -112.8000,  0, 0, 0
L 1554.6000, 1139.7000, -112.8000,  1553.2000, 1001.1000, -112.9000,  0, 0, 0
L 1553.2000, 1001.1000, -112.9000,  1562.3998, 1000.2000, -112.8000,  0, 0, 0
L 1562.3998, 1000.2000, -112.8000,  1563.2000, 1004.8000, -112.8000,  0, 0, 0
L 1563.2000, 1004.8000, -112.8000,  1570.3998, 1004.5000, -112.7000,  0, 0, 0
L 1570.3998, 1004.5000, -112.7000,  1570.3998, 1000.4000, -112.9000,  0, 0, 0
L 1570.3998, 1000.4000, -112.9000,  1576.8998, 1000.7000, -112.7000,  0, 0, 0
L 1576.8998, 1000.7000, -112.7000,  1582.5000, 996.7000, -111.0000,  0, 0, 0
L 1582.5000, 996.7000, -111.0000,  1582.5000, 995.0000, -111.0000,  0, 0, 0
L 1582.5000, 995.0000, -111.0000,  1580.5000, 991.3000, -111.6000,  0, 0, 0
L 1580.5000, 991.3000, -111.6000,  1569.3998, 953.9000, -114.3000,  0, 0, 0
L 1569.3998, 953.9000, -114.3000,  1569.2000, 948.0000, -115.2000,  0, 0, 0
L 1569.2000, 948.0000, -115.2000,  1566.7000, 946.9000, -114.8000,  0, 0, 0
L 1566.7000, 946.9000, -114.8000,  1375.1000, 946.7000, -114.2000,  0, 0, 0
L 1375.1000, 946.7000, -114.2000,  1357.8998, 947.4000, -110.0000,  0, 0, 0
L 1357.8998, 947.4000, -110.0000,  1339.5000, 941.9000, -110.7000,  0, 0, 0
L 1339.5000, 941.9000, -110.7000,  1333.2997, 936.0000, -110.1000,  0, 0, 0
L 1333.2997, 936.0000, -110.1000,  1326.2997, 912.0000, -110.2000,  0, 0, 0
L 1326.2997, 912.0000, -110.2000,  1327.6000, 895.3000, -114.4000,  0, 0, 0
L 1327.6000, 895.3000, -114.4000,  1327.7000, 846.0000, -96.7000,  0, 0, 0
L 1327.7000, 846.0000, -96.7000,  1334.1000, 845.2000, -107.2000,  0, 0, 0
L 1334.1000, 845.2000, -107.2000,  1338.0000, 836.8000, -106.1000,  0, 0, 0
L 1338.0000, 836.8000, -106.1000,  1334.8998, 828.9000, -107.1000,  0, 0, 0
L 1334.8998, 828.9000, -107.1000,  1328.3998, 827.1000, -97.1000,  0, 0, 0
L 1328.3998, 827.1000, -97.1000,  1328.7000, 813.6000, -102.5000,  0, 0, 0
L 1328.7000, 813.6000, -102.5000,  1326.5000, 811.3000, -102.5000,  0, 0, 0
L 1326.5000, 811.3000, -102.5000,  1319.2000, 811.5000, -101.7000,  0, 0, 0
L 1319.2000, 811.5000, -101.7000,  1311.2997, 811.8000, -96.7000,  0, 0, 0
L 1311.2997, 811.8000, -96.7000,  1308.6000, 805.2000, -106.9000,  0, 0, 0
L 1308.6000, 805.2000, -106.9000,  1301.7000, 801.8000, -106.0000,  0, 0, 0
L 1301.7000, 801.8000, -106.0000,  1294.8998, 804.6000, -106.9000,  0, 0, 0
L 1294.8998, 804.6000, -106.9000,  1292.6000, 811.3000, -96.9000,  0, 0, 0
L 1292.6000, 811.3000, -96.9000,  1279.2997, 810.9000, -102.3000,  0, 0, 0
L 1279.2997, 810.9000, -102.3000,  1275.7000, 812.2000, -103.2000,  0, 0, 0
L 1275.7000, 812.2000, -103.2000,  1274.6000, 818.7000, -101.7000,  0, 0, 0
L 1274.6000, 818.7000, -101.7000,  1274.5000, 912.0000, -98.9000,  0, 0, 0
L 1274.5000, 912.0000, -98.9000,  1267.3998, 914.4000, -106.7000,  0, 0, 0
L 1267.3998, 914.4000, -106.7000,  1265.2997, 921.6000, -105.8000,  0, 0, 0
L 1265.2997, 921.6000, -105.8000,  1268.7000, 930.6000, -106.9000,  0, 0, 0
L 1268.7000, 930.6000, -106.9000,  1274.7997, 930.9000, -97.6000,  0, 0, 0
L 1274.7997, 930.9000, -97.6000,  1262.7997, 976.7000, -99.3000,  0, 0, 0
L 1262.7997, 976.7000, -99.3000,  1261.0000, 980.1000, -99.4000,  0, 0, 0
L 1261.0000, 980.1000, -99.4000,  1261.5000, 982.8000, -99.4000,  0, 0, 0
L 1261.5000, 982.8000, -99.4000,  1265.1000, 985.6000, -100.4000,  0, 0, 0
L 1265.1000, 985.6000, -100.4000,  1272.3998, 985.9000, -100.6000,  0, 0, 0
L 1272.3998, 985.9000, -100.6000,  1272.2000, 989.8000, -100.5000,  0, 0, 0
L 1272.2000, 989.8000, -100.5000,  1279.6000, 989.9000, -100.5000,  0, 0, 0
L 1279.6000, 989.9000, -100.5000,  1280.5000, 985.3000, -100.7000,  0, 0, 0
L 1280.5000, 985.3000, -100.7000,  1353.7000, 985.4000, -100.6000,  0, 0, 0
L 1353.7000, 985.4000, -100.6000,  1354.1000, 1124.6000, -100.7000,  0, 0, 0
L 1354.1000, 1124.6000, -100.7000,  1214.8998, 1125.0000, -100.6000,  0, 0, 0
L 1214.8998, 1125.0000, -100.6000,  1213.6000, 986.1000, -100.6000,  0, 0, 0
L 1213.6000, 986.1000, -100.6000,  1222.7000, 985.5000, -100.5000,  0, 0, 0
L 1222.7000, 985.5000, -100.5000,  1223.0000, 990.0000, -100.5000,  0, 0, 0
L 1223.0000, 990.0000, -100.5000,  1231.2997, 990.0000, -100.5000,  0, 0, 0
L 1231.2997, 990.0000, -100.5000,  1230.7000, 985.7000, -100.6000,  0, 0, 0
L 1230.7000, 985.7000, -100.6000,  1240.0000, 985.8000, -100.5000,  0, 0, 0
L 1240.0000, 985.8000, -100.5000,  1242.2000, 984.1000, -99.7000,  0, 0, 0
L 1242.2000, 984.1000, -99.7000,  1242.3998, 979.6000, -98.9000,  0, 0, 0
L 1242.3998, 979.6000, -98.9000,  1240.7000, 976.2000, -99.3000,  0, 0, 0
L 1240.7000, 976.2000, -99.3000,  1229.6000, 939.1000, -102.0000,  0, 0, 0
L 1229.6000, 939.1000, -102.0000,  1229.1000, 930.5000, -96.5000,  0, 0, 0
L 1229.1000, 930.5000, -96.5000,  1239.0000, 928.7000, -107.1000,  0, 0, 0
L 1239.0000, 928.7000, -107.1000,  1239.2997, 921.0000, -106.0000,  0, 0, 0
L 1239.2997, 921.0000, -106.0000,  1236.1000, 913.3000, -106.9000,  0, 0, 0
L 1236.1000, 913.3000, -106.9000,  1229.7997, 911.7000, -96.8000,  0, 0, 0
L 1229.7997, 911.7000, -96.8000,  1230.2000, 819.2000, -102.1000,  0, 0, 0
L 1230.2000, 819.2000, -102.1000,  1230.6000, 816.0000, -102.0000,  0, 0, 0
L 1230.6000, 816.0000, -102.0000,  1228.7000, 812.4000, -102.8000,  0, 0, 0
L 1228.7000, 812.4000, -102.8000,  1223.5000, 811.8000, -101.8000,  0, 0, 0
L 1223.5000, 811.8000, -101.8000,  1209.8998, 812.7000, -96.1000,  0, 0, 0
L 1209.8998, 812.7000, -96.1000,  1082.0000, 812.4000, -101.7000,  0, 0, 0
L 1082.0000, 812.4000, -101.7000,  1072.1000, 817.2000, -101.6000,  0, 0, 0
L 1072.1000, 817.2000, -101.6000,  1072.5000, 820.2000, -101.7000,  0, 0, 0
L 1072.5000, 820.2000, -101.7000,  1060.2000, 860.9000, -99.5000,  0, 0, 0
L 1060.2000, 860.9000, -99.5000,  1059.5000, 862.0000, -99.3000,  0, 0, 0
L 1059.5000, 862.0000, -99.3000,  1060.0000, 865.0000, -99.9000,  0, 0, 0
L 1060.0000, 865.0000, -99.9000,  1063.2997, 867.1000, -100.4000,  0, 0, 0
L 1063.2997, 867.1000, -100.4000,  1070.8998, 867.2000, -100.6000,  0, 0, 0
L 1070.8998, 867.2000, -100.6000,  1071.0000, 871.8000, -100.5000,  0, 0, 0
L 1071.0000, 871.8000, -100.5000,  1078.5000, 871.2000, -100.5000,  0, 0, 0
L 1078.5000, 871.2000, -100.5000,  1079.0000, 866.6000, -100.7000,  0, 0, 0
L 1079.0000, 866.6000, -100.7000,  1081.8998, 867.2000, -100.6000,  0, 0, 0
L 1081.8998, 867.2000, -100.6000,  1082.0000, 1006.6000, -100.6000,  0, 0, 0
L 1082.0000, 1006.6000, -100.6000,  1012.7000, 1007.1000, -100.6000,  0, 0, 0
L 1012.7000, 1007.1000, -100.6000,  1011.7000, 997.6000, -100.6000,  0, 0, 0
L 1011.7000, 997.6000, -100.6000,  1016.2000, 996.8000, -100.5000,  150, 150, 150
L 1016.2000, 996.8000, -100.5000,  1015.5000, 988.7000, -100.4000,  150, 150, 150
L 1015.5000, 988.7000, -100.4000,  1011.9000, 989.7000, -100.3000,  150, 150, 150
L 1011.9000, 989.7000, -100.3000,  1012.3000, 980.1000, -100.4000,  0, 0, 0
L 1012.3000, 980.1000, -100.4000,  1009.9000, 978.1000, -99.0000,  0, 0, 0
L 1009.9000, 978.1000, -99.0000,  1004.6000, 978.1000, -99.7000,  0, 0, 0
L 1004.6000, 978.1000, -99.7000,  1002.9000, 981.0000, -106.6000,  0, 0, 0
L 1002.9000, 981.0000, -106.6000,  1002.8000, 988.9000, -106.6000,  0, 0, 0
L 1002.8000, 988.9000, -106.6000,  998.5000, 990.2000, -106.6000,  150, 150, 150
L 998.5000, 990.2000, -106.6000,  997.9000, 997.9000, -106.6000,  150, 150, 150
L 997.9000, 997.9000, -106.6000,  1002.5000, 998.9000, -106.6000,  150, 150, 150
L 1002.5000, 998.9000, -106.6000,  1002.2000, 1075.8998, -106.7000,  0, 0, 0
L 1002.2000, 1075.8998, -106.7000,  929.1000, 1076.1000, -106.6000,  0, 0, 0
L 929.1000, 1076.1000, -106.6000,  928.4000, 1070.7997, -106.6000,  150, 150, 150
L 928.4000, 1070.7997, -106.6000,  919.4000, 1072.2997, -106.5000,  150, 150, 150
L 919.4000, 1072.2997, -106.5000,  919.5000, 1075.8998, -106.6000,  150, 150, 150
L 919.5000, 1075.8998, -106.6000,  913.3000, 1076.2000, -106.5000,  0, 0, 0
L 913.3000, 1076.2000, -106.5000,  910.0000, 1077.6000, -99.9000,  0, 0, 0
L 910.0000, 1077.6000, -99.9000,  911.6000, 1084.7997, -100.4000,  0, 0, 0
L 911.6000, 1084.7997, -100.4000,  920.1000, 1085.2997, -100.5000,  0, 0, 0
L 920.1000, 1085.2997, -100.5000,  919.6000, 1089.0000, -100.4000,  150, 150, 150
L 919.6000, 1089.0000, -100.4000,  926.7000, 1086.6000, -100.6000,  150, 150, 150
L 926.7000, 1086.6000, -100.6000,  928.4000, 1084.7000, -100.7000,  150, 150, 150
L 928.4000, 1084.7000, -100.7000,  931.2000, 1085.2997, -100.5000,  0, 0, 0
L 931.2000, 1085.2997, -100.5000,  931.6000, 1154.7000, -100.6000,  0, 0, 0
L 931.6000, 1154.7000, -100.6000,  862.0000, 1155.6000, -100.4000,  0, 0, 0
L 862.0000, 1155.6000, -100.4000,  861.0000, 1086.0000, -100.4000,  0, 0, 0
L 861.0000, 1086.0000, -100.4000,  870.4000, 1084.8998, -100.5000,  0, 0, 0
L 870.4000, 1084.8998, -100.5000,  870.5000, 1088.6000, -100.5000,  150, 150, 150
L 870.5000, 1088.6000, -100.5000,  879.0000, 1090.0000, -100.4000,  150, 150, 150
L 879.0000, 1090.0000, -100.4000,  878.3000, 1085.0000, -99.8000,  150, 150, 150
L 878.3000, 1085.0000, -99.8000,  887.6000, 1085.3998, -100.2000,  0, 0, 0
L 887.6000, 1085.3998, -100.2000,  889.8000, 1081.8998, -98.8000,  0, 0, 0
L 889.8000, 1081.8998, -98.8000,  889.9000, 1077.2997, -99.5000,  0, 0, 0
L 889.9000, 1077.2997, -99.5000,  886.9000, 1076.0000, -106.5000,  0, 0, 0
L 886.9000, 1076.0000, -106.5000,  879.1000, 1076.0000, -106.6000,  0, 0, 0
L 890.4000, 1074.6000, -106.5000,  888.6000, 1069.6000, -106.5000,  150, 150, 150
L 886.8000, 1064.6000, -106.5000,  912.7000, 1065.0000, -106.5000,  150, 150, 150
L 912.7000, 1065.0000, -106.5000,  910.8000, 1069.7000, -106.5000,  150, 150, 150
L 1001.5000, 977.6000, -106.5000,  996.4000, 980.0000, -106.6000,  150, 150, 150
L 991.3000, 982.4000, -106.6000,  991.7000, 955.9000, -106.6000,  150, 150, 150
L 879.1000, 1076.0000, -106.6000,  879.0000, 1071.8998, -106.6000,  150, 150, 150
L 879.0000, 1071.8998, -106.6000,  869.9000, 1070.6000, -106.6000,  150, 150, 150
L 869.9000, 1070.6000, -106.6000,  869.2000, 1075.6000, -106.6000,  150, 150, 150
L 869.2000, 1075.6000, -106.6000,  861.5000, 1075.6000, -106.6000,  0, 0, 0
L 861.5000, 1075.6000, -106.6000,  861.6000, 936.2000, -106.6000,  0, 0, 0
L 861.6000, 936.2000, -106.6000,  1001.1000, 936.3000, -106.7000,  0, 0, 0
L 1001.1000, 936.3000, -106.7000,  1002.9000, 937.5000, -106.6000,  0, 0, 0
L 1002.9000, 937.5000, -106.6000,  1003.0000, 938.9000, -106.6000,  0, 0, 0
L 1003.0000, 938.9000, -106.6000,  997.6000, 939.9000, -106.6000,  150, 150, 150
L 997.6000, 939.9000, -106.6000,  998.4000, 948.9000, -106.6000,  150, 150, 150
L 998.4000, 948.9000, -106.6000,  1002.8000, 948.6000, -106.6000,  150, 150, 150
L 1002.8000, 948.6000, -106.6000,  1002.6000, 956.7000, -106.6000,  0, 0, 0
L 1002.6000, 956.7000, -106.6000,  1005.9000, 959.0000, -99.4000,  0, 0, 0
L 1005.9000, 959.0000, -99.4000,  1009.7000, 959.3000, -99.8000,  0, 0, 0
L 1009.7000, 959.3000, -99.8000,  1011.8000, 957.0000, -100.5000,  0, 0, 0
L 1011.8000, 957.0000, -100.5000,  1012.2000, 948.0000, -100.5000,  0, 0, 0
L 1012.2000, 948.0000, -100.5000,  1016.4000, 947.3000, -100.5000,  150, 150, 150
L 1016.4000, 947.3000, -100.5000,  1011.6000, 940.0000, -100.8000,  150, 150, 150
L 1011.6000, 940.0000, -100.8000,  1011.9000, 937.6000, -100.6000,  0, 0, 0
L 1011.9000, 937.6000, -100.6000,  1012.2000, 867.4000, -100.6000,  0, 0, 0
L 1012.2000, 867.4000, -100.6000,  1021.2000, 866.7000, -100.6000,  0, 0, 0
L 1021.2000, 866.7000, -100.6000,  1021.8000, 871.6000, -100.5000,  0, 0, 0
L 1021.8000, 871.6000, -100.5000,  1030.5000, 871.1000, -100.5000,  0, 0, 0
L 1030.5000, 871.1000, -100.5000,  1029.2000, 867.0000, -100.6000,  0, 0, 0
L 1029.2000, 867.0000, -100.6000,  1037.6000, 867.3000, -100.2000,  0, 0, 0
L 1037.6000, 867.3000, -100.2000,  1041.2997, 865.5000, -99.7000,  0, 0, 0
L 1041.2997, 865.5000, -99.7000,  1041.1000, 861.1000, -98.9000,  0, 0, 0
L 1041.1000, 861.1000, -98.9000,  1039.2997, 857.8000, -99.3000,  0, 0, 0
L 1039.2997, 857.8000, -99.3000,  1028.2000, 820.4000, -102.0000,  0, 0, 0
L 1028.2000, 820.4000, -102.0000,  1028.5000, 816.5000, -102.2000,  0, 0, 0
L 1028.5000, 816.5000, -102.2000,  1023.7000, 813.2000, -102.2000,  0, 0, 0
L 1023.7000, 813.2000, -102.2000,  1008.6000, 813.2000, -96.4000,  0, 0, 0
L 1008.6000, 813.2000, -96.4000,  982.4000, 812.8000, -100.7000,  0, 0, 0
L 982.4000, 812.8000, -100.7000,  982.5000, 768.4000, -102.3000,  0, 0, 0
L 982.5000, 768.4000, -102.3000,  1118.0000, 768.3000, -102.0000,  0, 0, 0
L 1118.0000, 768.3000, -102.0000,  1125.1000, 767.7000, -102.8000,  0, 0, 0
L 1125.1000, 767.7000, -102.8000,  1127.5000, 766.1000, -101.9000,  0, 0, 0
L 1127.5000, 766.1000, -101.9000,  1127.3998, 761.0000, -101.5000,  0, 0, 0
L 1127.3998, 761.0000, -101.5000,  1126.8998, 751.5000, -97.8000,  0, 0, 0
L 1126.8998, 751.5000, -97.8000,  1133.5000, 749.3000, -106.6000,  0, 0, 0
L 1133.5000, 749.3000, -106.6000,  1136.2997, 742.1000, -105.7000,  0, 0, 0
L 1136.2997, 742.1000, -105.7000,  1133.6000, 734.4000, -106.7000,  0, 0, 0
L 1133.6000, 734.4000, -106.7000,  1126.7997, 732.5000, -97.4000,  0, 0, 0
L 1126.7997, 732.5000, -97.4000,  1128.5000, 599.7000, -76.9000,  0, 0, 0
L 1128.5000, 599.7000, -76.9000,  1128.8998, 595.8000, -76.9000,  0, 0, 0
L 1128.8998, 595.8000, -76.9000,  1127.6000, 591.9000, -77.9000,  0, 0, 0
L 1127.6000, 591.9000, -77.9000,  1118.1000, 590.5000, -75.6000,  0, 0, 0
L 1118.1000, 590.5000, -75.6000,  1071.2997, 590.4000, -58.6000,  0, 0, 0
L 1071.2997, 590.4000, -58.6000,  1069.5000, 583.1000, -69.0000,  0, 0, 0
L 1069.5000, 583.1000, -69.0000,  1062.2997, 580.2000, -68.1000,  0, 0, 0
L 1062.2997, 580.2000, -68.1000,  1054.0000, 583.1000, -69.1000,  0, 0, 0
L 1054.0000, 583.1000, -69.1000,  1052.6000, 589.7000, -59.0000,  0, 0, 0
L 1052.6000, 589.7000, -59.0000,  944.4000, 589.8000, -63.0000,  0, 0, 0
L 2212.8997, 896.7000, -120.8000,  2208.2000, 896.1000, -120.8000,  0, 0, 0
L 2128.7996, 798.4000, -120.8000,  2128.7000, 794.6000, -120.8000,  0, 0, 0
L 2139.3997, 794.7000, -120.8000,  2139.0999, 799.1000, -120.8000,  0, 0, 0
L 2213.3997, 807.7000, -120.8000,  2200.2000, 794.5000, -120.8000,  0, 0, 0
L 2213.2000, 881.0000, -120.8000,  2208.5999, 879.0000, -120.8000,  0, 0, 0
L 2208.2996, 811.4000, -120.8000,  2213.2000, 810.9000, -120.8000,  0, 0, 0
L 2213.2000, 810.9000, -120.8000,  2213.3997, 807.7000, -120.8000,  0, 0, 0
L 2213.2000, 870.4000, -120.8000,  2213.2000, 821.6000, -120.8000,  0, 0, 0
L 2139.0999, 799.1000, -120.8000,  2128.7996, 798.4000, -120.8000,  0, 0, 0
L 2208.2000, 896.1000, -120.8000,  2209.0000, 886.2000, -120.8000,  0, 0, 0
L 2208.5999, 871.5000, -120.8000,  2213.2000, 870.4000, -120.8000,  0, 0, 0
L 2124.5999, 793.6000, -120.8000,  2110.0999, 777.2000, -120.8000,  0, 0, 0
L 2200.2000, 794.5000, -120.8000,  2196.8997, 797.0000, -120.8000,  0, 0, 0
L 2212.8997, 885.9000, -120.8000,  2213.2000, 881.0000, -120.8000,  0, 0, 0
L 2213.2000, 821.6000, -120.8000,  2208.5999, 821.3000, -120.8000,  0, 0, 0
L 2196.8997, 799.4000, -120.8000,  2189.5999, 799.6000, -120.8000,  0, 0, 0
L 2209.0000, 886.2000, -120.8000,  2212.8997, 885.9000, -120.8000,  0, 0, 0
L 2189.5999, 799.6000, -120.8000,  2188.2000, 794.6000, -120.8000,  0, 0, 0
L 2128.7000, 794.6000, -120.8000,  2124.5999, 793.6000, -120.8000,  0, 0, 0
L 2188.2000, 794.6000, -120.8000,  2139.3997, 794.7000, -120.8000,  0, 0, 0
L 2208.5999, 821.3000, -120.8000,  2208.2996, 811.4000, -120.8000,  0, 0, 0
L 2208.5999, 879.0000, -120.8000,  2208.5999, 871.5000, -120.8000,  0, 0, 0
L 2196.8997, 797.0000, -120.8000,  2196.8997, 799.4000, -120.8000,  0, 0, 0
L 1780.7997, 1051.2000, -119.4000,  1829.6000, 1051.2000, -119.5000,  0, 0, 0
L 2212.5000, 951.7000, -119.5000,  2207.7996, 952.3000, -119.5000,  0, 0, 0
L 1863.7000, 1069.2000, -119.5000,  1863.7997, 1079.5000, -119.4000,  0, 0, 0
L 2128.2996, 1053.7997, -119.5000,  2124.2996, 1054.8998, -119.5000,  0, 0, 0
L 2187.7996, 1053.7997, -119.5000,  2139.0000, 1053.7997, -119.5000,  0, 0, 0
L 2208.2000, 1027.1000, -119.5000,  2207.8997, 1037.0000, -119.5000,  0, 0, 0
L 2212.5000, 962.5000, -119.5000,  2212.7996, 967.4000, -119.5000,  0, 0, 0
L 2212.7996, 1026.7997, -119.5000,  2208.2000, 1027.1000, -119.5000,  0, 0, 0
L 2207.7996, 952.3000, -119.5000,  2208.5999, 962.3000, -119.5000,  0, 0, 0
L 2104.8997, 1081.2997, -119.5000,  2104.5000, 1072.0000, -119.5000,  0, 0, 0
L 1760.3998, 966.8000, -119.4000,  1760.3998, 974.3000, -119.4000,  0, 0, 0
L 1756.2000, 945.2000, -119.4000,  1756.1000, 949.2000, -119.4000,  0, 0, 0
L 2106.5000, 1131.2000, -119.5000,  2109.5000, 1130.7997, -119.5000,  0, 0, 0
L 1883.8998, 1155.0000, -119.5000,  1932.7000, 1155.0000, -119.5000,  0, 0, 0
L 1965.2000, 1155.6000, -119.6000,  1970.7000, 1158.5000, -119.9000,  0, 0, 0
L 1707.1000, 946.5000, -113.2000,  1743.7000, 936.0000, -118.4000,  0, 0, 0
L 1942.7997, 1150.2997, -119.4000,  1943.3998, 1155.0000, -119.5000,  0, 0, 0
L 1873.2997, 1154.8998, -119.5000,  1875.1000, 1150.2000, -119.5000,  0, 0, 0
L 1863.7997, 1079.5000, -119.4000,  1858.7997, 1079.2000, -119.5000,  0, 0, 0
L 2109.7000, 1081.8998, -119.5000,  2104.8997, 1081.2997, -119.5000,  0, 0, 0
L 1755.7997, 975.4000, -119.5000,  1755.7997, 1024.2000, -119.5000,  0, 0, 0
L 2104.5000, 1138.6000, -119.5000,  2104.7996, 1132.5000, -119.5000,  0, 0, 0
L 2018.2997, 1155.2997, -119.5000,  2023.2000, 1155.7997, -119.5000,  0, 0, 0
L 2009.2000, 1149.7997, -119.5000,  2017.7000, 1150.3998, -119.5000,  0, 0, 0
L 1996.1000, 1158.2997, -119.9000,  2001.3998, 1155.6000, -119.6000,  0, 0, 0
L 1779.3998, 1046.2997, -119.4000,  1780.7997, 1051.2000, -119.4000,  0, 0, 0
L 1932.7000, 1155.0000, -119.5000,  1933.5000, 1150.1000, -119.4000,  0, 0, 0
L 1760.7000, 1034.3998, -119.5000,  1755.7997, 1034.8998, -119.5000,  0, 0, 0
L 1972.2000, 1165.3998, -119.3000,  1972.2000, 1168.2000, -120.5000,  0, 0, 0
L 1970.7000, 1158.5000, -119.9000,  1972.3998, 1161.1000, -118.5000,  0, 0, 0
L 1949.3998, 1150.3998, -119.4000,  1958.0000, 1150.3998, -119.3000,  0, 0, 0
L 1768.7997, 1051.3998, -119.5000,  1772.1000, 1048.7997, -119.5000,  0, 0, 0
L 1829.8998, 1046.7000, -119.4000,  1840.2000, 1047.5000, -119.5000,  0, 0, 0
L 1979.0000, 1161.2997, -119.4000,  1994.0000, 1161.2997, -118.4000,  0, 0, 0
L 1994.2997, 1164.0000, -118.6000,  1994.0000, 1163.5000, -118.4000,  0, 0, 0
L 2017.7000, 1150.3998, -119.5000,  2018.2997, 1155.2997, -119.5000,  0, 0, 0
L 1994.2997, 1168.2000, -120.5000,  1994.2997, 1164.0000, -118.6000,  0, 0, 0
L 2023.2000, 1155.7997, -119.5000,  2023.3998, 1151.2000, -119.5000,  0, 0, 0
L 2007.7000, 1155.3998, -119.5000,  2009.2000, 1149.7997, -119.5000,  0, 0, 0
L 2109.7996, 1142.7000, -119.5000,  2109.5999, 1141.2997, -119.5000,  0, 0, 0
L 1760.3998, 1024.5000, -119.5000,  1760.7000, 1034.3998, -119.5000,  0, 0, 0
L 1772.1000, 1046.3998, -119.5000,  1779.3998, 1046.2997, -119.4000,  0, 0, 0
L 2104.5000, 1072.0000, -119.5000,  2109.7000, 1071.2000, -119.5000,  0, 0, 0
L 1840.2000, 1047.5000, -119.5000,  1840.2997, 1051.2000, -119.5000,  0, 0, 0
L 2023.3998, 1151.2000, -119.5000,  2033.1000, 1150.6000, -119.5000,  0, 0, 0
L 2001.3998, 1155.6000, -119.6000,  2007.7000, 1155.3998, -119.5000,  0, 0, 0
L 1978.5000, 1163.5000, -119.4000,  1979.0000, 1161.2997, -119.4000,  0, 0, 0
L 1829.6000, 1051.2000, -119.5000,  1829.8998, 1046.7000, -119.4000,  0, 0, 0
L 1755.7997, 964.8000, -119.4000,  1760.3998, 966.8000, -119.4000,  0, 0, 0
L 1994.0000, 1163.5000, -118.4000,  1978.5000, 1163.5000, -119.4000,  0, 0, 0
L 1755.7997, 1034.8998, -119.5000,  1755.6000, 1038.1000, -119.5000,  0, 0, 0
L 1755.6000, 1038.1000, -119.5000,  1768.7997, 1051.3998, -119.5000,  0, 0, 0
L 1756.1000, 959.9000, -119.4000,  1755.7997, 964.8000, -119.4000,  0, 0, 0
L 1994.0000, 1161.2997, -118.4000,  1996.1000, 1158.2997, -119.9000,  0, 0, 0
L 2212.7996, 967.4000, -119.5000,  2208.2000, 969.4000, -119.5000,  0, 0, 0
L 2213.0000, 1040.7000, -119.5000,  2199.7996, 1053.8998, -119.5000,  0, 0, 0
L 2212.7996, 978.0000, -119.5000,  2212.7996, 1026.7997, -119.5000,  0, 0, 0
L 2128.3997, 1050.1000, -119.5000,  2128.2996, 1053.7997, -119.5000,  0, 0, 0
L 2207.8997, 1037.0000, -119.5000,  2212.8997, 1037.5000, -119.5000,  0, 0, 0
L 2212.8997, 1037.5000, -119.5000,  2213.0000, 1040.7000, -119.5000,  0, 0, 0
L 2139.0000, 1053.7997, -119.5000,  2138.7000, 1049.2997, -119.5000,  0, 0, 0
L 2196.5000, 1049.0000, -119.5000,  2189.2000, 1048.7997, -119.4000,  0, 0, 0
L 2189.2000, 1048.7997, -119.4000,  2187.7996, 1053.7997, -119.5000,  0, 0, 0
L 1751.0000, 935.9000, -118.6000,  1754.5000, 940.1000, -119.4000,  0, 0, 0
L 1756.1000, 949.2000, -119.4000,  1760.7997, 949.7000, -119.5000,  0, 0, 0
L 1972.2000, 1168.2000, -120.5000,  1994.2997, 1168.2000, -120.5000,  0, 0, 0
L 1948.2997, 1155.2997, -119.5000,  1949.3998, 1150.3998, -119.4000,  0, 0, 0
L 1933.5000, 1150.1000, -119.4000,  1942.7997, 1150.2997, -119.4000,  0, 0, 0
L 2208.2000, 969.4000, -119.5000,  2208.2996, 976.9000, -119.5000,  0, 0, 0
L 1858.7997, 1079.2000, -119.5000,  1858.7997, 1128.1000, -117.6000,  0, 0, 0
L 2082.7000, 1155.7000, -119.5000,  2083.5000, 1150.7997, -119.5000,  0, 0, 0
L 2033.1000, 1150.6000, -119.5000,  2033.8998, 1155.7000, -119.5000,  0, 0, 0
L 2138.7000, 1049.2997, -119.5000,  2128.3997, 1050.1000, -119.5000,  0, 0, 0
L 1858.8998, 1138.6000, -119.5000,  1858.6000, 1141.8998, -119.5000,  0, 0, 0
L 2199.7996, 1053.8998, -119.5000,  2196.5999, 1051.3998, -119.5000,  0, 0, 0
L 1760.0000, 959.7000, -119.4000,  1756.1000, 959.9000, -119.4000,  0, 0, 0
L 1858.8998, 1068.6000, -119.5000,  1863.7000, 1069.2000, -119.5000,  0, 0, 0
L 1754.5000, 940.1000, -119.4000,  1756.2000, 945.2000, -119.4000,  0, 0, 0
L 2109.5000, 1130.7997, -119.5000,  2109.7000, 1081.8998, -119.5000,  0, 0, 0
L 1863.3998, 1128.3998, -119.5000,  1863.2000, 1138.0000, -119.5000,  0, 0, 0
L 2033.8998, 1155.7000, -119.5000,  2082.7000, 1155.7000, -119.5000,  0, 0, 0
L 1972.3998, 1161.1000, -118.5000,  1972.2000, 1165.3998, -119.3000,  0, 0, 0
L 1692.5000, 947.0000, -108.7000,  1707.1000, 946.5000, -113.2000,  0, 0, 0
L 2083.5000, 1150.7997, -119.5000,  2091.5999, 1150.5000, -119.5000,  0, 0, 0
L 1760.3998, 974.3000, -119.4000,  1755.7997, 975.4000, -119.5000,  0, 0, 0
L 1743.7000, 936.0000, -118.4000,  1751.0000, 935.9000, -118.6000,  0, 0, 0
L 1863.2000, 1138.0000, -119.5000,  1858.8998, 1138.6000, -119.5000,  0, 0, 0
L 2124.2996, 1054.8998, -119.5000,  2109.7000, 1071.2000, -119.5000,  0, 0, 0
L 1840.2997, 1051.2000, -119.5000,  1844.3998, 1052.2997, -119.5000,  0, 0, 0
L 1881.5000, 1151.1000, -119.5000,  1883.8998, 1155.0000, -119.5000,  0, 0, 0
L 1858.7997, 1128.1000, -117.6000,  1863.3998, 1128.3998, -119.5000,  0, 0, 0
L 2093.3997, 1155.7997, -119.5000,  2096.5999, 1155.8998, -119.5000,  0, 0, 0
L 1858.6000, 1141.8998, -119.5000,  1871.8998, 1155.1000, -119.5000,  0, 0, 0
L 1760.7997, 949.7000, -119.5000,  1760.0000, 959.7000, -119.4000,  0, 0, 0
L 1772.1000, 1048.7997, -119.5000,  1772.1000, 1046.3998, -119.5000,  0, 0, 0
L 1755.7997, 1024.2000, -119.5000,  1760.3998, 1024.5000, -119.5000,  0, 0, 0
L 2109.5999, 1141.2997, -119.5000,  2104.5000, 1138.6000, -119.5000,  0, 0, 0
L 2208.5999, 962.3000, -119.5000,  2212.5000, 962.5000, -119.5000,  0, 0, 0
L 2091.5999, 1150.5000, -119.5000,  2093.3997, 1155.7997, -119.5000,  0, 0, 0
L 2096.5999, 1155.8998, -119.5000,  2109.7996, 1142.7000, -119.5000,  0, 0, 0
L 1871.8998, 1155.1000, -119.5000,  1873.2997, 1154.8998, -119.5000,  0, 0, 0
L 1958.8998, 1155.2997, -119.4000,  1965.2000, 1155.6000, -119.6000,  0, 0, 0
L 2196.5999, 1051.3998, -119.5000,  2196.5000, 1049.0000, -119.5000,  0, 0, 0
L 1958.0000, 1150.3998, -119.3000,  1958.8998, 1155.2997, -119.4000,  0, 0, 0
L 1875.1000, 1150.2000, -119.5000,  1881.5000, 1151.1000, -119.5000,  0, 0, 0
L 1943.3998, 1155.0000, -119.5000,  1948.2997, 1155.2997, -119.5000,  0, 0, 0
L 1844.3998, 1052.2997, -119.5000,  1858.8998, 1068.6000, -119.5000,  0, 0, 0
L 2208.2996, 976.9000, -119.5000,  2212.7996, 978.0000, -119.5000,  0, 0, 0
L 2104.7996, 1132.5000, -119.5000,  2106.5000, 1131.2000, -119.5000,  0, 0, 0
L 2212.8997, 896.7000, -120.8000,  2212.5000, 951.7000, -119.5000,  0, 0, 0
L 991.7000, 955.9000, -106.6000,  996.8000, 958.3000, -106.7000,  150, 150, 150
L 1012.2000, 948.0000, -100.5000,  1002.8000, 948.6000, -106.6000,  0, 0, 0
L 1011.6000, 940.0000, -100.8000,  1003.0000, 938.9000, -106.6000,  0, 0, 0
L 1011.9000, 989.7000, -100.3000,  1002.8000, 988.9000, -106.6000,  0, 0, 0
L 1011.7000, 997.6000, -100.6000,  1002.5000, 998.9000, -106.6000,  0, 0, 0
L 1001.9000, 960.6000, -106.7000,  1001.5000, 977.6000, -106.5000,  150, 150, 150
L 996.8000, 958.3000, -106.7000,  1001.9000, 960.6000, -106.7000,  150, 150, 150
L 996.4000, 980.0000, -106.6000,  991.3000, 982.4000, -106.6000,  150, 150, 150
L 996.8000, 958.3000, -106.7000,  996.4000, 980.0000, -106.6000,  150, 150, 150
L 929.1000, 1076.1000, -106.6000,  928.4000, 1084.7000, -100.7000,  0, 0, 0
L 919.5000, 1075.8998, -106.6000,  920.1000, 1085.2997, -100.5000,  0, 0, 0
L 879.1000, 1076.0000, -106.6000,  878.3000, 1085.0000, -99.8000,  0, 0, 0
L 869.2000, 1075.6000, -106.6000,  870.4000, 1084.8998, -100.5000,  0, 0, 0
L 908.9000, 1074.3998, -106.5000,  890.4000, 1074.6000, -106.5000,  150, 150, 150
L 888.6000, 1069.6000, -106.5000,  886.8000, 1064.6000, -106.5000,  150, 150, 150
L 910.8000, 1069.7000, -106.5000,  908.9000, 1074.3998, -106.5000,  150, 150, 150
L 888.6000, 1069.6000, -106.5000,  910.8000, 1069.7000, -106.5000,  150, 150, 150
L 432.8000, 328.5000, -25.6000,  435.0000, 328.5000, -25.6000,  0, 0, 0
L 432.4000, 337.8000, -25.6000,  435.0000, 337.8000, -25.6000,  0, 0, 0
L 435.0000, 337.8000, -25.6000,  435.0000, 328.5000, -25.6000,  0, 0, 0
