P 2.4180, 31.5930, -0.3990,  255, 0, 0,  3,  to_Valdeholm
P -25.0000, -214.0000, -68.0000,  255, 255, 255,  2,  1_Entry_Hall
P -214.0000, -100.0000, -64.0000,  255, 255, 255,  2,  2_West_Wing
P 239.0000, -57.0000, -66.0000,  255, 255, 255,  2,  3_East_Wing
P 1.0000, -1547.0000, -230.0000,  255, 255, 255,  2,  4_Statue
P -1.9537, -1596.1569, -233.6164,  255, 255, 255,  2,  Maze_after_locked_statue
P -325.0000, -1985.0000, -145.0000,  255, 255, 255,  2,  Shade_Prison
P 330.0000, -1475.0000, -145.0000,  255, 255, 255,  2,  Shade_Temple
P -280.0000, -620.0000, -145.0000,  255, 255, 255,  2,  Shade_Meeting
P 270.0000, -1867.0000, -145.0000,  255, 255, 246,  2,  Shade_Treasure
P 0.0000, -225.0000, -77.0000,  255, 255, 255,  2,  Statue_(click)
P -32.0000, -1588.0000, -234.0000,  255, 255, 255,  2,  Torches_(click)
P 365.0000, -1470.0000, -129.0000,  0, 0, 240,  1,  GS:_Relic
P 42.0278, -1993.0486, -308.7622,  0, 0, 240,  1,  GS:_Gorod`s_Medallion
P -448.7986, -198.3951, -67.1430,  127, 64, 0,  2,  Barvig_Bloodaxe_(Hunter)
P -494.3803, -743.8997, -142.6173,  127, 64, 0,  2,  Captain_Hectov_(Hunter)
P -178.9609, -2098.2996, -266.4956,  127, 64, 0,  2,  Crusher_(Hunter)
P 190.1714, -2139.5330, -266.4965,  127, 64, 0,  2,  Fallow_(Hunter)
P -269.8354, -476.5321, -143.1338,  127, 64, 0,  2,  Firbulg_(Hunter)
P 126.9601, -2042.5062, -301.0688,  127, 64, 0,  2,  Floe_(Hunter)
P -471.2340, 413.8427, -237.9486,  127, 64, 0,  2,  Fried_(Hunter)
P -471.0761, -905.1750, -141.7251,  127, 64, 0,  2,  Gadrik_(Hunter)
P -7.3308, -606.1578, -141.7737,  127, 64, 0,  2,  Geshan_the_Wretched_(Hunter)
P 28.8493, -1949.2986, -266.4965,  127, 64, 0,  2,  Grenrik_the_Addled_(Hunter)
P -200.0345, -294.0159, -67.2209,  127, 64, 0,  2,  Guard_Commander_Bowulf_(Hunter)
P -1102.0427, -261.6534, -237.5193,  127, 64, 0,  2,  Harfange_the_Black_(Hunter)
P -75.1027, -1098.9470, -216.9632,  127, 64, 0,  2,  Havik_the_Faithful_(Hunter)
P 190.3760, -1777.8185, -266.4965,  127, 64, 0,  2,  Haze_(Hunter)
P -91.4459, -1851.1858, -301.4543,  127, 64, 0,  2,  Ice_(Hunter)
P 141.5312, -1222.5348, -149.5688,  127, 64, 0,  2,  Icecrack_(Hunter)
P 123.9210, -591.4207, -134.1904,  127, 64, 0,  2,  Juha_(Hunter)
P 126.1666, -2514.2234, -260.2622,  127, 64, 0,  2,  King_Beltron_(Hunter)
P 17.8486, -1695.5641, -259.1436,  127, 64, 0,  2,  Krag_the_Icelord_(Hunter)
P -0.3790, -1387.5176, -237.0330,  127, 64, 0,  2,  Lorekeeper_Bentolf_`Quiet_(Hunter)
P 243.4144, -1712.4165, -141.1598,  127, 64, 0,  2,  Lorekeeper_Heimdul_(Hunter)
P -1.0000, -1388.0000, -238.0000,  127, 64, 0,  2,  Lorekeeper_Thoren_Goldentongue_(Hunter)
P -673.0258, -631.2084, -89.3922,  127, 64, 0,  2,  Quartermaster_Balrik_(Hunter)
P 720.0000, -999.0000, -97.0000,  127, 64, 0,  2,  Rallosian_Acolyte_Aemon_(Hunter)
P 408.0000, -827.0000, -149.0000,  127, 64, 0,  2,  Shangkai_(Hunter)
P 480.1734, -302.2885, -73.2688,  127, 64, 0,  2,  Tharvig_the_Haunted_(Hunter)
P -174.6811, -1765.0398, -266.4965,  127, 64, 0,  2,  The_Fleshless_(Hunter)
P -449.6029, -240.3973, -225.5382,  127, 64, 0,  2,  The_Overseer_(Hunter)
P -452.1502, -870.8667, -237.1661,  127, 64, 0,  2,  Wulfnor_the_Gladiator_(Hunter)
P 83.5718, -567.9473, -147.5945,  127, 64, 0,  2,  Geshan_the_Wretched_(Hunter)
P -438.7877, -2016.3883, -265.2184,  127, 64, 0,  2,  Krag_the_Icelord_(Hunter)
