P -2787.4976, -208.7650, 337.6907,  255, 0, 0,  3,  to_Pelucid_Grotto_(Teleport_Pad)
P 2208.5364, -601.7368, 231.9498,  255, 0, 0,  3,  to_Arthicrex_(Teleport_Pad)
P 840.1722, 891.8472, 91.3212,  0, 127, 127,  2,  Adeenas_(Quest,Mission)
P 2085.4290, 809.2812, 309.7148,  0, 0, 0,  2,  Rakkirin_Shivstem
P 660.4340, -1426.6614, 244.2556,  0, 127, 127,  2,  Giltredle_(Quest)
P 722.8268, -1421.5558, 240.7250,  240, 240, 240,  2,  Trial_of_Flame_(Start)
P -2654.4922, -266.3910, 337.7725,  0, 127, 127,  2,  Orgus_Shivstem_(Quest)
P -2038.5940, 345.8450, 417.6869,  240, 240, 240,  2,  Southwest_Corner
P -2009.3976, 406.3233, 426.0344,  0, 0, 0,  2,  Eulyris
P -2310.1343, -1335.6614, 431.9048,  240, 240, 240,  2,  Northwest_Corner
P -2324.1299, -1434.1935, 430.5311,  0, 0, 0,  2,  Autoros
P -1182.6471, 784.0530, 230.6307,  0, 127, 127,  2,  Excrug_Shrivstem_(Quest)
P 2085.8494, 829.1459, 286.3480,  240, 240, 240,  2,  Shivstem_Tribe`s_Holding_Area
P -1170.8705, 785.2347, 227.4741,  240, 240, 240,  2,  South_Central
P 903.5709, -57.7982, 253.7705,  0, 0, 0,  2,  Olgar_Grubcap`s_Corpse
P -44.1618, 473.0609, 141.6909,  0, 0, 0,  2,  Spornus_Cloverfoot`s_Corpse
P -738.7703, -766.2097, 234.5738,  0, 0, 0,  2,  Vaelani_(Roam)
P -681.5364, -1298.6382, 250.9340,  0, 240, 240,  2,  Stewac_Grabsor_(Raid)
P -666.9698, -1312.9546, 251.0536,  0, 127, 127,  2,  Deagus_the_Fungrotect_(Quest)
P -599.8668, -1387.7914, 259.6078,  240, 240, 240,  2,  North_Central
P 695.2404, -861.9213, 201.0654,  240, 240, 240,  2,  Trail_of_Flames_1
P 796.1255, -455.4667, 185.6992,  240, 240, 240,  2,  Trail_of_Flames_2/3/4/5
P -145.0580, -1088.9231, 212.1763,  240, 240, 240,  2,  Moss_Snake_Cave
P 58.8516, -1081.0082, 199.9578,  240, 240, 240,  2,  Moss_Snake_Cave
P -1820.1393, 16.0160, 301.4620,  240, 240, 240,  2,  First_Guard_Training_Area
P -1310.0464, -26.8260, 274.5798,  240, 240, 240,  2,  Second_Guard_Training_Area
P -2302.9971, -1328.1591, 429.2970,  127, 64, 0,  2,  Azurestrike_(Hunter)
P 803.8076, 586.6680, 25.5218,  127, 64, 0,  2,  Ceannaire_(Hunter,Roam)
P 769.6255, -1283.1393, 274.0685,  127, 64, 0,  2,  Creeping_Deathspore_(Hunter)
P -421.2292, -1114.5529, 237.1216,  127, 64, 0,  2,  Death`s_Hand_(Hunter)
P 2046.1509, 710.8121, 283.6271,  127, 64, 0,  2,  Enforcer_Stoutspore_(Hunter)
P 1342.2012, 13.1297, 355.1674,  127, 64, 0,  2,  Fungalshock_(Hunter)
P 578.1013, 553.6033, -6.2138,  127, 64, 0,  2,  Gaisshock_(Hunter)
P -2453.2991, -69.8444, 348.6738,  127, 64, 0,  2,  Gore_(Hunter)
P -2009.9496, 846.2430, 379.6747,  127, 64, 0,  2,  Gore_(Hunter,Roam)
P -2189.1956, 267.0949, 400.5833,  127, 64, 0,  2,  Gore_(Hunter)
P -932.0908, 854.5588, 201.9354,  127, 64, 0,  2,  Hungry_Earth_(Hunter)
P -2165.4578, -291.0271, 296.6209,  127, 64, 0,  2,  Orangeback_(Hunter)
P -2698.7183, -198.8611, 304.0347,  127, 64, 0,  2,  Orangeback_(Hunter,Roam)
P 158.0704, -620.8871, 217.0498,  127, 64, 0,  2,  Ring_(Hunter)
P -5.3495, -646.8699, 202.0660,  127, 64, 0,  2,  Ring_(Hunter)
P 62.6521, -685.8145, 206.5672,  127, 64, 0,  2,  Ring_(Hunter,Roam)
P 1140.9380, -582.6202, 160.8803,  127, 64, 0,  2,  Silent_Death_(Hunter,Roam)
P 1132.8257, -705.2852, 161.4390,  127, 64, 0,  2,  Silent_Death_(Hunter)
P 664.5319, -1113.2477, 162.0969,  127, 64, 0,  2,  Silent_Death_(Hunter,Roam)
P 663.4158, -1245.8418, 256.1830,  127, 64, 0,  2,  Silent_Death_(Hunter)
P 1697.2179, -734.1922, 227.0433,  127, 64, 0,  2,  Solenopsis_(Hunter,Roam)
P 1508.6432, -40.9680, 321.3401,  127, 64, 0,  2,  Sporeflame_(Hunter)
P 1504.9812, 89.2487, 349.5834,  127, 64, 0,  2,  Sporeflame_(Hunter)
P 1694.5481, -5.4377, 320.2963,  127, 64, 0,  2,  Sporeflame_(Hunter)
P 1451.7693, 189.5660, 318.1528,  127, 64, 0,  2,  Sporeflame_(Hunter)
P -1849.5680, -285.8369, 289.7566,  127, 64, 0,  2,  Uisce_(Hunter)
P -2033.3987, 980.7292, 343.4909,  240, 240, 240,  2,  Walk_on_vine_to_get_up
P -1357.7206, -155.2469, 255.3826,  127, 64, 0,  2,  Uisce_(Hunter)
