L 2204.9883, 126.1044, -238.8981, 2201.4563, 122.4007, -238.8869, 0, 240, 240
L 2201.4563, 122.4007, -238.8869, 2200.6309, 120.7480, -238.8303, 0, 240, 240
L 2200.6309, 120.7480, -238.8303, 2199.9717, 119.3518, -238.8035, 0, 240, 240
L 2199.9717, 119.3518, -238.8035, 2199.2356, 117.7860, -238.7623, 0, 240, 240
L 2199.2356, 117.7860, -238.7623, 2198.5347, 115.9747, -238.6630, 0, 240, 240
L 2198.5347, 115.9747, -238.6630, 2197.3716, 113.0138, -238.8628, 0, 240, 240
L 2197.3716, 113.0138, -238.8628, 2196.2959, 111.7983, -238.9153, 0, 240, 240
L 2196.2959, 111.7983, -238.9153, 2194.8240, 110.7543, -239.2298, 0, 240, 240
L 2194.8240, 110.7543, -239.2298, 2192.9751, 110.2428, -239.3368, 0, 240, 240
L 2192.9751, 110.2428, -239.3368, 2180.9314, 106.9134, -240.7186, 0, 240, 240
L 2180.9314, 106.9134, -240.7186, 2179.8694, 105.9276, -240.7614, 0, 240, 240
L 2179.8694, 105.9276, -240.7614, 2178.9119, 104.4053, -240.7843, 0, 240, 240
L 2178.9119, 104.4053, -240.7843, 2178.3162, 102.5519, -240.6995, 0, 240, 240
L 2178.3162, 102.5519, -240.6995, 2177.7908, 100.8145, -240.7132, 0, 240, 240
L 2177.7908, 100.8145, -240.7132, 2176.7244, 97.2964, -241.8735, 0, 240, 240
L 2176.7244, 97.2964, -241.8735, 2175.7024, 96.3476, -241.9082, 0, 240, 240
L 2175.7024, 96.3476, -241.9082, 2173.2061, 94.0328, -242.4865, 0, 240, 240
L 2173.2061, 94.0328, -242.4865, 2171.3992, 93.4365, -242.5523, 0, 240, 240
L 2171.3992, 93.4365, -242.5523, 2169.7698, 92.4282, -242.6285, 0, 240, 240
L 2169.7698, 92.4282, -242.6285, 2167.2898, 90.9665, -242.7535, 0, 240, 240
L 2167.2898, 90.9665, -242.7535, 2159.1697, 85.8648, -241.3304, 0, 240, 240
L 2159.1697, 85.8648, -241.3304, 2157.8958, 84.6529, -241.4067, 0, 240, 240
L 2157.8958, 84.6529, -241.4067, 2134.9341, 62.8121, -242.5233, 0, 240, 240
L 2134.9341, 62.8121, -242.5233, 2133.8074, 61.3178, -242.4243, 0, 240, 240
L 2133.8074, 61.3178, -242.4243, 2132.4048, 59.5167, -242.2746, 0, 240, 240
L 2132.4048, 59.5167, -242.2746, 2131.4490, 58.5070, -242.2331, 0, 240, 240
L 2131.4490, 58.5070, -242.2331, 2130.3887, 57.4574, -242.2347, 0, 240, 240
L 2130.3887, 57.4574, -242.2347, 2129.0032, 56.1160, -242.2570, 0, 240, 240
L 2129.0032, 56.1160, -242.2570, 2128.2427, 54.8829, -242.2430, 0, 240, 240
L 2128.2427, 54.8829, -242.2430, 2123.9622, 47.8788, -242.4931, 0, 240, 240
L 2123.9622, 47.8788, -242.4931, 2123.5398, 46.6587, -242.2495, 0, 240, 240
L 2123.5398, 46.6587, -242.2495, 2123.1033, 45.2900, -242.0164, 0, 240, 240
L 2123.1033, 45.2900, -242.0164, 2122.6033, 43.5805, -241.6027, 0, 240, 240
L 2122.6033, 43.5805, -241.6027, 2121.7896, 41.8619, -241.3084, 0, 240, 240
L 2121.7896, 41.8619, -241.3084, 2117.0435, 31.8443, -241.3371, 0, 240, 240
L 2117.0435, 31.8443, -241.3371, 2116.9036, 29.9369, -241.0068, 0, 240, 240
L 2116.9036, 29.9369, -241.0068, 2117.4019, 22.2770, -240.5217, 0, 240, 240
L 2117.4019, 22.2770, -240.5217, 2116.9424, 20.8975, -241.0206, 0, 240, 240
L 2116.9424, 20.8975, -241.0206, 2116.2791, 19.1154, -241.0128, 0, 240, 240
L 2116.2791, 19.1154, -241.0128, 2108.1084, -2.8077, -237.5481, 0, 240, 240
L 2108.1084, -2.8077, -237.5481, 2107.9358, -4.5541, -235.2492, 0, 240, 240
L 2107.9358, -4.5541, -235.2492, 2108.3118, -5.9502, -234.8318, 0, 240, 240
L 2108.3118, -5.9502, -234.8318, 2108.6160, -7.5160, -234.5138, 0, 240, 240
L 2108.6160, -7.5160, -234.5138, 2109.0369, -9.6853, -234.6321, 0, 240, 240
L 2109.0369, -9.6853, -234.6321, 2109.3262, -11.1742, -234.7826, 0, 240, 240
L 2109.3262, -11.1742, -234.7826, 2109.7273, -13.2386, -235.0878, 0, 240, 240
L 2109.7273, -13.2386, -235.0878, 2109.9878, -14.5810, -235.3499, 0, 240, 240
L 2109.9878, -14.5810, -235.3499, 2110.4861, -17.1535, -236.7732, 0, 240, 240
L 2110.4861, -17.1535, -236.7732, 2110.2432, -18.5741, -236.5561, 0, 240, 240
L 2110.2432, -18.5741, -236.5561, 2109.7935, -26.6206, -235.9587, 0, 240, 240
L 2109.7935, -26.6206, -235.9587, 2109.5264, -28.0508, -235.7027, 0, 240, 240
L 2109.5264, -28.0508, -235.7027, 2109.7046, -31.9738, -234.8263, 0, 240, 240
L 2109.7046, -31.9738, -234.8263, 2110.3870, -33.2896, -234.4738, 0, 240, 240
L 2110.3870, -33.2896, -234.4738, 2113.3284, -39.1049, -232.2494, 0, 240, 240
L 2113.3284, -39.1049, -232.2494, 2113.7515, -40.8877, -231.8906, 0, 240, 240
L 2113.7515, -40.8877, -231.8906, 2114.7461, -45.0854, -231.3516, 0, 240, 240
L 2114.7461, -45.0854, -231.3516, 2115.3306, -46.3275, -231.2609, 0, 240, 240
L 2115.3306, -46.3275, -231.2609, 2116.1111, -47.9643, -230.8892, 0, 240, 240
L 2116.1111, -47.9643, -230.8892, 2116.9617, -49.8365, -230.6557, 0, 240, 240
L 2116.9617, -49.8365, -230.6557, 2117.4539, -51.2014, -230.3230, 0, 240, 240
L 2117.4539, -51.2014, -230.3230, 2118.0906, -53.0971, -229.6662, 0, 240, 240
L 2118.0906, -53.0971, -229.6662, 2118.0508, -54.9428, -229.3968, 0, 240, 240
L 2118.0508, -54.9428, -229.3968, 2118.4788, -66.0801, -226.8182, 0, 240, 240
L 2118.4788, -66.0801, -226.8182, 2118.9241, -68.0294, -226.3750, 0, 240, 240
L 2118.9241, -68.0294, -226.3750, 2119.4927, -69.2675, -226.1737, 0, 240, 240
L 2119.4927, -69.2675, -226.1737, 2120.0066, -70.5357, -225.9081, 0, 240, 240
L 2120.0066, -70.5357, -225.9081, 2120.4600, -71.9092, -225.4337, 0, 240, 240
L 2120.4600, -71.9092, -225.4337, 2120.8914, -73.3242, -224.9952, 0, 240, 240
L 2120.8914, -73.3242, -224.9952, 2121.4573, -75.2367, -224.3313, 0, 240, 240
L 2121.4573, -75.2367, -224.3313, 2122.3667, -76.3906, -224.2194, 0, 240, 240
L 2122.3667, -76.3906, -224.2194, 2128.3550, -83.8799, -223.8106, 0, 240, 240
L 2128.3550, -83.8799, -223.8106, 2131.0674, -87.3893, -222.4702, 0, 240, 240
L 2131.0674, -87.3893, -222.4702, 2131.8384, -88.4568, -222.1210, 0, 240, 240
L 2131.8384, -88.4568, -222.1210, 2133.4351, -90.7138, -221.6524, 0, 240, 240
L 2133.4351, -90.7138, -221.6524, 2134.3372, -92.2212, -221.4310, 0, 240, 240
L 2134.3372, -92.2212, -221.4310, 2139.2864, -100.2472, -219.4955, 0, 240, 240
L 2139.2864, -100.2472, -219.4955, 2140.1619, -101.5246, -219.2398, 0, 240, 240
L 2140.1619, -101.5246, -219.2398, 2143.5054, -106.2714, -218.3557, 0, 240, 240
L 2143.5054, -106.2714, -218.3557, 2145.2129, -106.0180, -218.2830, 0, 240, 240
L 2145.2129, -106.0180, -218.2830, 2146.8445, -106.8904, -217.9660, 0, 240, 240
L 2146.8445, -106.8904, -217.9660, 2149.1475, -108.1233, -217.2707, 0, 240, 240
L 2149.1475, -108.1233, -217.2707, 2150.1497, -109.8451, -216.9685, 0, 240, 240
L 2150.1497, -109.8451, -216.9685, 2151.2720, -111.7726, -216.8845, 0, 240, 240
L 2151.2720, -111.7726, -216.8845, 2152.3440, -113.2781, -217.1309, 0, 240, 240
L 2152.3440, -113.2781, -217.1309, 2152.7012, -115.2015, -217.1309, 0, 240, 240
L 2152.7012, -115.2015, -217.1309, 2153.1768, -117.0216, -217.1309, 0, 240, 240
L 2153.1768, -117.0216, -217.1309, 2153.6807, -118.7724, -217.0350, 0, 240, 240
L 2200.9324, -145.1105, -217.0342, 2204.1172, -142.1493, -217.0197, 127, 127, 127
L 2204.1172, -142.1493, -217.0197, 2203.9585, -140.3129, -217.0462, 127, 127, 127
L 2203.9585, -140.3129, -217.0462, 2203.2493, -138.4805, -217.0175, 127, 127, 127
L 2203.2493, -138.4805, -217.0175, 2202.1082, -137.4207, -217.0485, 127, 127, 127
L 2202.1082, -137.4207, -217.0485, 2200.5132, -135.9408, -217.1217, 127, 127, 127
L 2200.5132, -135.9408, -217.1217, 2199.2146, -135.3462, -217.1198, 127, 127, 127
L 2199.2146, -135.3462, -217.1198, 2193.4893, -132.5669, -216.8974, 127, 127, 127
L 2193.4893, -132.5669, -216.8974, 2192.2974, -131.1150, -216.9400, 127, 127, 127
L 2192.2974, -131.1150, -216.9400, 2188.2217, -126.1588, -217.1241, 127, 127, 127
L 2188.2217, -126.1588, -217.1241, 2186.8401, -125.8488, -217.1309, 127, 127, 127
L 2186.8401, -125.8488, -217.1309, 2183.9390, -125.1133, -217.1309, 127, 127, 127
L 2183.9390, -125.1133, -217.1309, 2182.3328, -124.2297, -217.1309, 127, 127, 127
L 2182.3328, -124.2297, -217.1309, 2177.4766, -121.4500, -216.9443, 127, 127, 127
L 2177.4766, -121.4500, -216.9443, 2176.2107, -120.1535, -216.9278, 127, 127, 127
L 2176.2107, -120.1535, -216.9278, 2169.4185, -112.9660, -216.5013, 127, 127, 127
L 2169.4185, -112.9660, -216.5013, 2166.5828, -110.0916, -216.7662, 127, 127, 127
L 2166.5828, -110.0916, -216.7662, 2165.5977, -109.2835, -216.8297, 127, 127, 127
L 2165.5977, -109.2835, -216.8297, 2162.4126, -106.7701, -217.0930, 127, 127, 127
L 2162.4126, -106.7701, -217.0930, 2160.8018, -106.0328, -217.1302, 127, 127, 127
L 2160.8018, -106.0328, -217.1302, 2152.8367, -102.1286, -217.3477, 127, 127, 127
L 2152.8367, -102.1286, -217.3477, 2152.1780, -100.2896, -217.3740, 127, 127, 127
L 2152.1780, -100.2896, -217.3740, 2151.4583, -98.2867, -218.1877, 127, 127, 127
L 2151.4583, -98.2867, -218.1877, 2150.5469, -97.1770, -218.2311, 127, 127, 127
L 2150.5469, -97.1770, -218.2311, 2143.5281, -88.6365, -221.1204, 127, 127, 127
L 2143.5281, -88.6365, -221.1204, 2142.8611, -87.4261, -221.1594, 127, 127, 127
L 2142.8611, -87.4261, -221.1594, 2130.6133, -65.2128, -226.1438, 127, 127, 127
L 2130.6133, -65.2128, -226.1438, 2130.2273, -63.8517, -226.1825, 127, 127, 127
L 2130.2273, -63.8517, -226.1825, 2129.8787, -62.5042, -226.2710, 127, 127, 127
L 2129.8787, -62.5042, -226.2710, 2129.4861, -60.9558, -226.4186, 127, 127, 127
L 2129.4861, -60.9558, -226.4186, 2128.4954, -57.0336, -227.6434, 127, 127, 127
L 2128.4954, -57.0336, -227.6434, 2128.6121, -55.1200, -227.7184, 127, 127, 127
L 2128.6121, -55.1200, -227.7184, 2129.1055, -46.4692, -229.3779, 127, 127, 127
L 2129.1055, -46.4692, -229.3779, 2129.1929, -44.6791, -229.5472, 127, 127, 127
L 2129.1929, -44.6791, -229.5472, 2129.6924, -34.3479, -231.6391, 127, 127, 127
L 2129.6924, -34.3479, -231.6391, 2129.7676, -32.8093, -232.0495, 127, 127, 127
L 2129.7676, -32.8093, -232.0495, 2130.2034, -26.0030, -234.9368, 127, 127, 127
L 2130.2034, -26.0030, -234.9368, 2130.9727, -24.2671, -235.0249, 127, 127, 127
L 2130.9727, -24.2671, -235.0249, 2131.6863, -22.7996, -235.1618, 127, 127, 127
L 2131.6863, -22.7996, -235.1618, 2136.1304, -13.9018, -237.1800, 127, 127, 127
L 2136.1304, -13.9018, -237.1800, 2136.8899, -12.6635, -238.2493, 127, 127, 127
L 2136.8899, -12.6635, -238.2493, 2138.3594, -11.5160, -238.3375, 127, 127, 127
L 2138.3594, -11.5160, -238.3375, 2144.1709, -6.9759, -240.5849, 127, 127, 127
L 2212.3909, 126.7955, -238.4085, 2222.1282, 124.4171, -237.6247, 0, 240, 240
L 2222.1282, 124.4171, -237.6247, 2223.9314, 124.4313, -237.5691, 0, 240, 240
L 2223.9314, 124.4313, -237.5691, 2225.5508, 124.5909, -237.6755, 0, 240, 240
L 2225.5508, 124.5909, -237.6755, 2234.9629, 125.4226, -238.3250, 0, 240, 240
L 2234.9629, 125.4226, -238.3250, 2238.1602, 125.5448, -238.6276, 0, 240, 240
L 2238.1602, 125.5448, -238.6276, 2239.6731, 124.8739, -238.7073, 0, 240, 240
L 2239.6731, 124.8739, -238.7073, 2250.7012, 119.9816, -239.1912, 0, 240, 240
L 2250.7012, 119.9816, -239.1912, 2252.4351, 120.4616, -239.3112, 0, 240, 240
L 2252.4351, 120.4616, -239.3112, 2261.9551, 122.8135, -239.5107, 0, 240, 240
L 2261.9551, 122.8135, -239.5107, 2263.9146, 122.7656, -239.4923, 0, 240, 240
L 2263.9146, 122.7656, -239.4923, 2265.7605, 122.4216, -239.4431, 0, 240, 240
L 2265.7605, 122.4216, -239.4431, 2272.4185, 120.8950, -239.6464, 0, 240, 240
L 2272.4185, 120.8950, -239.6464, 2273.9307, 120.2669, -239.6968, 0, 240, 240
L 2273.9307, 120.2669, -239.6968, 2276.2891, 119.3615, -240.0749, 0, 240, 240
L 2276.2891, 119.3615, -240.0749, 2278.0076, 119.3192, -240.0681, 0, 240, 240
L 2278.0076, 119.3192, -240.0681, 2279.6709, 119.4998, -240.0687, 0, 240, 240
L 2279.6709, 119.4998, -240.0687, 2281.3560, 119.9000, -240.1248, 0, 240, 240
L 2281.3560, 119.9000, -240.1248, 2284.9966, 120.6650, -240.2721, 0, 240, 240
L 2284.9966, 120.6650, -240.2721, 2286.8672, 119.9764, -240.1422, 0, 240, 240
L 2286.8672, 119.9764, -240.1422, 2289.3965, 118.9078, -239.9733, 0, 240, 240
L 2289.3965, 118.9078, -239.9733, 2290.9805, 117.9575, -239.8553, 0, 240, 240
L 2290.9805, 117.9575, -239.8553, 2299.3506, 113.2513, -242.3248, 0, 240, 240
L 2299.3506, 113.2513, -242.3248, 2301.1084, 112.5095, -242.6377, 0, 240, 240
L 2301.1084, 112.5095, -242.6377, 2302.8660, 112.6739, -243.1577, 0, 240, 240
L 2302.8660, 112.6739, -243.1577, 2304.5784, 113.4147, -243.4762, 0, 240, 240
L 2304.5784, 113.4147, -243.4762, 2313.4231, 117.5582, -244.6037, 0, 240, 240
L 2313.4231, 117.5582, -244.6037, 2313.7830, 119.1626, -244.6877, 0, 240, 240
L 2313.7830, 119.1626, -244.6877, 2313.2852, 136.0237, -245.8520, 0, 240, 240
L 2313.2852, 136.0237, -245.8520, 2313.1875, 137.9890, -245.8390, 0, 240, 240
L 2313.1875, 137.9890, -245.8390, 2313.6067, 143.2036, -244.3143, 0, 240, 240
L 2313.6067, 143.2036, -244.3143, 2314.0806, 144.7896, -244.5067, 0, 240, 240
L 2314.0806, 144.7896, -244.5067, 2315.1819, 148.4847, -246.6757, 0, 240, 240
L 2315.1819, 148.4847, -246.6757, 2316.0137, 149.9974, -246.6757, 0, 240, 240
L 2316.0137, 149.9974, -246.6757, 2329.1836, 173.8946, -245.4551, 0, 240, 240
L 2329.1836, 173.8946, -245.4551, 2330.1470, 175.4598, -245.7062, 0, 240, 240
L 2330.1470, 175.4598, -245.7062, 2331.2681, 177.0601, -245.6971, 0, 240, 240
L 2331.2681, 177.0601, -245.6971, 2332.2581, 178.2083, -245.7383, 0, 240, 240
L 2332.2581, 178.2083, -245.7383, 2341.5542, 188.9032, -246.4041, 0, 240, 240
L 2341.5542, 188.9032, -246.4041, 2342.9385, 190.2844, -246.3146, 0, 240, 240
L 2342.9385, 190.2844, -246.3146, 2344.8057, 190.4985, -246.3487, 0, 240, 240
L 2344.8057, 190.4985, -246.3487, 2346.6890, 190.5910, -246.5104, 0, 240, 240
L 2346.6890, 190.5910, -246.5104, 2360.2273, 191.1256, -245.2539, 0, 240, 240
L 2360.2273, 191.1256, -245.2539, 2361.4080, 189.9539, -245.2036, 0, 240, 240
L 2361.4080, 189.9539, -245.2036, 2362.9932, 189.0462, -245.1918, 0, 240, 240
L 2362.9932, 189.0462, -245.1918, 2364.6890, 188.2424, -245.2359, 0, 240, 240
L 2364.6890, 188.2424, -245.2359, 2372.4192, 184.3585, -245.8475, 0, 240, 240
L 2372.4192, 184.3585, -245.8475, 2373.2107, 182.7252, -246.3918, 0, 240, 240
L 2373.2107, 182.7252, -246.3918, 2374.4639, 181.4808, -246.4294, 0, 240, 240
L 2374.4639, 181.4808, -246.4294, 2375.8411, 180.2476, -246.4256, 0, 240, 240
L 2375.8411, 180.2476, -246.4256, 2376.7710, 178.8380, -246.4249, 0, 240, 240
L 2376.7710, 178.8380, -246.4249, 2378.2300, 177.4707, -246.3560, 0, 240, 240
L 2378.2300, 177.4707, -246.3560, 2379.4192, 175.9251, -246.0604, 0, 240, 240
L 2379.4192, 175.9251, -246.0604, 2379.9507, 174.0038, -245.8418, 0, 240, 240
L 2379.9507, 174.0038, -245.8418, 2380.6438, 172.1279, -245.8786, 0, 240, 240
L 2380.6438, 172.1279, -245.8786, 2381.3938, 170.3339, -245.8591, 0, 240, 240
L 2381.3938, 170.3339, -245.8591, 2381.2520, 168.4326, -245.8653, 0, 240, 240
L 2381.2520, 168.4326, -245.8653, 2381.7505, 157.4515, -245.7274, 0, 240, 240
L 2381.7505, 157.4515, -245.7274, 2381.9114, 155.5712, -245.6703, 0, 240, 240
L 2381.9114, 155.5712, -245.6703, 2381.4971, 144.0480, -246.5542, 0, 240, 240
L 2381.4971, 144.0480, -246.5542, 2380.7869, 142.2090, -246.4510, 0, 240, 240
L 2380.7869, 142.2090, -246.4510, 2380.0054, 140.1917, -246.4532, 0, 240, 240
L 2380.0054, 140.1917, -246.4532, 2378.8218, 138.5972, -246.4533, 0, 240, 240
L 2378.8218, 138.5972, -246.4533, 2375.6094, 134.1323, -246.4960, 0, 240, 240
L 2375.6094, 134.1323, -246.4960, 2374.5425, 132.4928, -246.6757, 0, 240, 240
L 2374.5425, 132.4928, -246.6757, 2368.0767, 122.5932, -245.0341, 0, 240, 240
L 2368.0767, 122.5932, -245.0341, 2366.9402, 121.1009, -244.8411, 0, 240, 240
L 2366.9402, 121.1009, -244.8411, 2365.5552, 121.2280, -244.7717, 0, 240, 240
L 2365.5552, 121.2280, -244.7717, 2364.0757, 121.6513, -244.9002, 0, 240, 240
L 2364.0757, 121.6513, -244.9002, 2362.2793, 121.9752, -244.8321, 0, 240, 240
L 2362.2793, 121.9752, -244.8321, 2360.1707, 122.3251, -244.7295, 0, 240, 240
L 2360.1707, 122.3251, -244.7295, 2358.6348, 122.2089, -244.5596, 0, 240, 240
L 2358.6348, 122.2089, -244.5596, 2355.1548, 121.7911, -244.4198, 0, 240, 240
L 2355.1548, 121.7911, -244.4198, 2351.8943, 121.2667, -244.3761, 0, 240, 240
L 2351.8943, 121.2667, -244.3761, 2350.5552, 119.8532, -244.3356, 0, 240, 240
L 2350.5552, 119.8532, -244.3356, 2349.2012, 118.9094, -244.4963, 0, 240, 240
L 2349.2012, 118.9094, -244.4963, 2348.0872, 117.7165, -244.7074, 0, 240, 240
L 2348.0872, 117.7165, -244.7074, 2347.1526, 116.4889, -244.6555, 0, 240, 240
L 2347.1526, 116.4889, -244.6555, 2345.8821, 114.8235, -244.4995, 0, 240, 240
L 2345.8821, 114.8235, -244.4995, 2346.5625, 113.1785, -244.4709, 0, 240, 240
L 2346.5625, 113.1785, -244.4709, 2347.7168, 110.3827, -244.4006, 0, 240, 240
L 2347.7168, 110.3827, -244.4006, 2348.8079, 109.0845, -244.4020, 0, 240, 240
L 2348.8079, 109.0845, -244.4020, 2352.0950, 105.0510, -244.6514, 0, 240, 240
L 2352.0950, 105.0510, -244.6514, 2352.6399, 103.1661, -244.7953, 0, 240, 240
L 2352.6399, 103.1661, -244.7953, 2353.6343, 99.7205, -244.1786, 0, 240, 240
L 2353.6343, 99.7205, -244.1786, 2353.5608, 97.7454, -244.0075, 0, 240, 240
L 2353.5608, 97.7454, -244.0075, 2353.1023, 91.7982, -243.3841, 0, 240, 240
L 2353.1023, 91.7982, -243.3841, 2352.7837, 89.8238, -243.2814, 0, 240, 240
L 2352.7837, 89.8238, -243.2814, 2352.3689, 87.2728, -243.2481, 0, 240, 240
L 2352.3689, 87.2728, -243.2481, 2351.5303, 85.9204, -243.2685, 0, 240, 240
L 2351.5303, 85.9204, -243.2685, 2350.2283, 84.7289, -243.4012, 0, 240, 240
L 2350.2283, 84.7289, -243.4012, 2348.9634, 83.5417, -243.3316, 0, 240, 240
L 2348.9634, 83.5417, -243.3316, 2347.4197, 82.4383, -243.2839, 0, 240, 240
L 2347.4197, 82.4383, -243.2839, 2346.1277, 81.4130, -243.0965, 0, 240, 240
L 2346.1277, 81.4130, -243.0965, 2345.7947, 79.4884, -242.6021, 0, 240, 240
L 2345.7947, 79.4884, -242.6021, 2346.2852, 77.0182, -242.2778, 0, 240, 240
L 2346.2852, 77.0182, -242.2778, 2346.7139, 75.3933, -242.1682, 0, 240, 240
L 2346.7139, 75.3933, -242.1682, 2347.2593, 73.8043, -242.1837, 0, 240, 240
L 2347.2593, 73.8043, -242.1837, 2348.2876, 70.8008, -241.7252, 0, 240, 240
L 2348.2876, 70.8008, -241.7252, 2349.2864, 69.3040, -241.5469, 0, 240, 240
L 2349.2864, 69.3040, -241.5469, 2354.3274, 61.9089, -241.8164, 0, 240, 240
L 2354.3274, 61.9089, -241.8164, 2355.4744, 60.7611, -241.9638, 0, 240, 240
L 2355.4744, 60.7611, -241.9638, 2362.7876, 53.3861, -242.3755, 0, 240, 240
L 2362.7876, 53.3861, -242.3755, 2363.6211, 52.1035, -242.3095, 0, 240, 240
L 2363.6211, 52.1035, -242.3095, 2369.8606, 42.4892, -242.1824, 0, 240, 240
L 2369.8606, 42.4892, -242.1824, 2370.5701, 40.8863, -242.2537, 0, 240, 240
L 2370.5701, 40.8863, -242.2537, 2371.2896, 39.2616, -242.3839, 0, 240, 240
L 2371.2896, 39.2616, -242.3839, 2370.8018, 37.3666, -242.4880, 0, 240, 240
L 2370.8018, 37.3666, -242.4880, 2370.1001, 35.6316, -242.4742, 0, 240, 240
L 2370.1001, 35.6316, -242.4742, 2370.3870, 34.0642, -242.5378, 0, 240, 240
L 2370.3870, 34.0642, -242.5378, 2371.0911, 32.4736, -242.4738, 0, 240, 240
L 2371.0911, 32.4736, -242.4738, 2371.7742, 30.9267, -242.4536, 0, 240, 240
L 2341.4827, 57.2325, -242.9516, 2339.6438, 55.7379, -242.8920, 0, 240, 240
L 2339.6438, 55.7379, -242.8920, 2337.7559, 55.0896, -242.8487, 0, 240, 240
L 2337.7559, 55.0896, -242.8487, 2336.4656, 56.0526, -242.8695, 0, 240, 240
L 2336.4656, 56.0526, -242.8695, 2334.6470, 57.2419, -242.8699, 0, 240, 240
L 2334.6470, 57.2419, -242.8699, 2334.0098, 59.0240, -242.9065, 0, 240, 240
L 2334.0098, 59.0240, -242.9065, 2333.7190, 60.7737, -242.7106, 0, 240, 240
L 2333.7190, 60.7737, -242.7106, 2334.3040, 62.5631, -242.5234, 0, 240, 240
L 2334.3040, 62.5631, -242.5234, 2334.9495, 64.1631, -242.8039, 0, 240, 240
L 2334.9495, 64.1631, -242.8039, 2336.7083, 65.0176, -242.6999, 0, 240, 240
L 2336.7083, 65.0176, -242.6999, 2338.6182, 65.2141, -243.0739, 0, 240, 240
L 2338.6182, 65.2141, -243.0739, 2340.1670, 64.3924, -243.0795, 0, 240, 240
L 2340.1670, 64.3924, -243.0795, 2341.3948, 63.0415, -243.0977, 0, 240, 240
L 2341.3948, 63.0415, -243.0977, 2341.8694, 61.1337, -243.0353, 0, 240, 240
L 2341.8694, 61.1337, -243.0353, 2341.9644, 60.7250, -243.0043, 0, 240, 240
L 2296.2195, 86.2427, -242.9292, 2297.6077, 87.8641, -242.8871, 0, 240, 240
L 2297.6077, 87.8641, -242.8871, 2299.3516, 88.7741, -242.9047, 0, 240, 240
L 2299.3516, 88.7741, -242.9047, 2301.3145, 88.7642, -243.0483, 0, 240, 240
L 2301.3145, 88.7642, -243.0483, 2303.0684, 88.2798, -243.0351, 0, 240, 240
L 2303.0684, 88.2798, -243.0351, 2304.9595, 88.4804, -243.0442, 0, 240, 240
L 2304.9595, 88.4804, -243.0442, 2306.6038, 87.5333, -243.0771, 0, 240, 240
L 2306.6038, 87.5333, -243.0771, 2307.5469, 86.0157, -242.8345, 0, 240, 240
L 2307.5469, 86.0157, -242.8345, 2307.7422, 84.0618, -242.7826, 0, 240, 240
L 2307.7422, 84.0618, -242.7826, 2308.2405, 81.8809, -242.6300, 0, 240, 240
L 2308.2405, 81.8809, -242.6300, 2308.3428, 79.8863, -242.8886, 0, 240, 240
L 2308.3428, 79.8863, -242.8886, 2307.9180, 77.9592, -242.8879, 0, 240, 240
L 2307.9180, 77.9592, -242.8879, 2306.6812, 76.5127, -242.8707, 0, 240, 240
L 2306.6812, 76.5127, -242.8707, 2305.0220, 75.4599, -242.7175, 0, 240, 240
L 2305.0220, 75.4599, -242.7175, 2303.1226, 74.8519, -242.5619, 0, 240, 240
L 2303.1226, 74.8519, -242.5619, 2299.7334, 76.0154, -242.7606, 0, 240, 240
L 2299.7334, 76.0154, -242.7606, 2298.5154, 76.8819, -242.7217, 0, 240, 240
L 2298.5154, 76.8819, -242.7217, 2297.0154, 78.0897, -242.6976, 0, 240, 240
L 2297.0154, 78.0897, -242.6976, 2296.4878, 79.7982, -242.7258, 0, 240, 240
L 2296.4878, 79.7982, -242.7258, 2296.0684, 81.5895, -242.8103, 0, 240, 240
L 2296.0684, 81.5895, -242.8103, 2295.7664, 84.8321, -242.9011, 0, 240, 240
L 2159.4241, -8.4939, -240.5278, 2157.6990, -9.9399, -240.5276, 0, 240, 240
L 2157.6990, -9.9399, -240.5276, 2156.4014, -11.2962, -240.5134, 0, 240, 240
L 2156.4014, -11.2962, -240.5134, 2154.4661, -11.7458, -240.5549, 0, 240, 240
L 2154.4661, -11.7458, -240.5549, 2152.5989, -11.1279, -240.4454, 0, 240, 240
L 2152.5989, -11.1279, -240.4454, 2151.6226, -9.6553, -240.6852, 0, 240, 240
L 2151.6226, -9.6553, -240.6852, 2151.5159, -7.8732, -240.6468, 0, 240, 240
L 2151.5159, -7.8732, -240.6468, 2151.9954, -5.1193, -240.9826, 0, 240, 240
L 2151.9954, -5.1193, -240.9826, 2153.1934, -3.5677, -240.9700, 0, 240, 240
L 2153.1934, -3.5677, -240.9700, 2154.6182, -2.5179, -240.9502, 0, 240, 240
L 2154.6182, -2.5179, -240.9502, 2156.5579, -2.4441, -240.8358, 0, 240, 240
L 2156.5579, -2.4441, -240.8358, 2158.0359, -3.1694, -240.7315, 0, 240, 240
L 2158.0359, -3.1694, -240.7315, 2159.3455, -4.3978, -240.6172, 0, 240, 240
L 2159.3455, -4.3978, -240.6172, 2159.8184, -6.2493, -240.4432, 0, 240, 240
L 2159.8184, -6.2493, -240.4432, 2159.8362, -6.9562, -240.5280, 0, 240, 240
L 2154.7803, -20.9944, -240.5273, 2155.1250, -23.1029, -240.5235, 0, 240, 240
L 2155.1250, -23.1029, -240.5235, 2156.6895, -24.3348, -240.5274, 0, 240, 240
L 2156.6895, -24.3348, -240.5274, 2156.7493, -26.1852, -240.5169, 0, 240, 240
L 2156.7493, -26.1852, -240.5169, 2156.2852, -28.3831, -240.4005, 0, 240, 240
L 2156.2852, -28.3831, -240.4005, 2154.8965, -29.3662, -240.4176, 0, 240, 240
L 2154.8965, -29.3662, -240.4176, 2153.2952, -30.2344, -240.4210, 0, 240, 240
L 2153.2952, -30.2344, -240.4210, 2151.4341, -30.8574, -240.4743, 0, 240, 240
L 2151.4341, -30.8574, -240.4743, 2149.9573, -30.1454, -240.5274, 0, 240, 240
L 2149.9573, -30.1454, -240.5274, 2148.1172, -30.0562, -240.5268, 0, 240, 240
L 2148.1172, -30.0562, -240.5268, 2146.4075, -29.3793, -240.5095, 0, 240, 240
L 2146.4075, -29.3793, -240.5095, 2145.1741, -28.2592, -240.5274, 0, 240, 240
L 2145.1741, -28.2592, -240.5274, 2144.6978, -26.4877, -240.5530, 0, 240, 240
L 2144.6978, -26.4877, -240.5530, 2144.4197, -24.9458, -240.5958, 0, 240, 240
L 2144.4197, -24.9458, -240.5958, 2144.9185, -19.0442, -240.8391, 0, 240, 240
L 2144.9185, -19.0442, -240.8391, 2146.2222, -17.8624, -240.7346, 0, 240, 240
L 2146.2222, -17.8624, -240.7346, 2147.8245, -16.8092, -240.7815, 0, 240, 240
L 2147.8245, -16.8092, -240.7815, 2149.4297, -16.4915, -240.6561, 0, 240, 240
L 2149.4297, -16.4915, -240.6561, 2151.0828, -16.6451, -240.6468, 0, 240, 240
L 2151.0828, -16.6451, -240.6468, 2152.5330, -17.6107, -240.5707, 0, 240, 240
L 2152.5330, -17.6107, -240.5707, 2153.7554, -18.7096, -240.4359, 0, 240, 240
L 2153.7554, -18.7096, -240.4359, 2155.0403, -20.2013, -240.4866, 0, 240, 240
L 2155.0403, -20.2013, -240.4866, 2155.5586, -20.8612, -240.5273, 0, 240, 240
L 2146.0547, -101.5492, -242.7286, 2153.9441, -96.5339, -244.6773, 0, 0, 240
L 2153.9441, -96.5339, -244.6773, 2155.4202, -95.2915, -243.9712, 0, 0, 240
L 2155.4202, -95.2915, -243.9712, 2156.8909, -94.5737, -243.2161, 0, 0, 240
L 2156.8909, -94.5737, -243.2161, 2158.8384, -94.1362, -242.8938, 0, 0, 240
L 2158.8384, -94.1362, -242.8938, 2162.1431, -93.5486, -242.4673, 0, 0, 240
L 2162.1431, -93.5486, -242.4673, 2169.1194, -92.1186, -242.5048, 0, 0, 240
L 2169.1194, -92.1186, -242.5048, 2169.9119, -90.3861, -242.3581, 0, 0, 240
L 2169.9119, -90.3861, -242.3581, 2170.5596, -88.7824, -242.4037, 0, 0, 240
L 2170.5596, -88.7824, -242.4037, 2171.2620, -86.9584, -242.5838, 0, 0, 240
L 2171.2620, -86.9584, -242.5838, 2170.9329, -85.3703, -242.7759, 0, 0, 240
L 2170.9329, -85.3703, -242.7759, 2170.0701, -83.7105, -242.9316, 0, 0, 240
L 2170.0701, -83.7105, -242.9316, 2164.6272, -73.2613, -244.7475, 0, 0, 240
L 2164.6272, -73.2613, -244.7475, 2164.8672, -71.4905, -244.7973, 0, 0, 240
L 2164.8672, -71.4905, -244.7973, 2165.3357, -68.0118, -245.1071, 0, 0, 240
L 2165.3357, -68.0118, -245.1071, 2165.5977, -66.0749, -245.2356, 0, 0, 240
L 2165.5977, -66.0749, -245.2356, 2166.0938, -58.6375, -245.9812, 0, 0, 240
L 2166.0938, -58.6375, -245.9812, 2166.5474, -56.8393, -246.0667, 0, 0, 240
L 2166.5474, -56.8393, -246.0667, 2166.9163, -55.5042, -246.1490, 0, 0, 240
L 2166.9163, -55.5042, -246.1490, 2167.6753, -52.7905, -246.4681, 0, 0, 240
L 2167.6753, -52.7905, -246.4681, 2168.1565, -51.3323, -246.5628, 0, 0, 240
L 2168.1565, -51.3323, -246.5628, 2168.7100, -49.6451, -246.7396, 0, 0, 240
L 2168.7100, -49.6451, -246.7396, 2169.4434, -47.9316, -246.7768, 0, 0, 240
L 2169.4434, -47.9316, -246.7768, 2170.4905, -45.5320, -246.8683, 0, 0, 240
L 2170.4905, -45.5320, -246.8683, 2171.3787, -43.8661, -246.8934, 0, 0, 240
L 2171.3787, -43.8661, -246.8934, 2172.7737, -42.6312, -246.7553, 0, 0, 240
L 2172.7737, -42.6312, -246.7553, 2176.2439, -39.3968, -246.1758, 0, 0, 240
L 2176.2439, -39.3968, -246.1758, 2181.4485, -34.4875, -245.1758, 0, 0, 240
L 2181.4485, -34.4875, -245.1758, 2182.9690, -34.1849, -244.8761, 0, 0, 240
L 2182.9690, -34.1849, -244.8761, 2189.6658, -32.5270, -244.1562, 0, 0, 240
L 2189.6658, -32.5270, -244.1562, 2193.8191, -31.3605, -244.3308, 0, 0, 240
L 2193.8191, -31.3605, -244.3308, 2194.8018, -29.9264, -244.2676, 0, 0, 240
L 2194.8018, -29.9264, -244.2676, 2196.4917, -27.4680, -244.3900, 0, 0, 240
L 2196.4917, -27.4680, -244.3900, 2198.2471, -26.7650, -244.2711, 0, 0, 240
L 2198.2471, -26.7650, -244.2711, 2201.3230, -25.4317, -243.9198, 0, 0, 240
L 2201.3230, -25.4317, -243.9198, 2202.2598, -23.6731, -243.2222, 0, 0, 240
L 2202.2598, -23.6731, -243.2222, 2203.4568, -22.2105, -242.7124, 0, 0, 240
L 2203.4568, -22.2105, -242.7124, 2205.2500, -21.3872, -242.5069, 0, 0, 240
L 2205.2500, -21.3872, -242.5069, 2206.9324, -20.3084, -242.2896, 0, 0, 240
L 2206.9324, -20.3084, -242.2896, 2208.3936, -19.1344, -241.9590, 0, 0, 240
L 2208.3936, -19.1344, -241.9590, 2211.8406, -16.2614, -241.2472, 0, 0, 240
L 2211.8406, -16.2614, -241.2472, 2212.3062, -14.4321, -241.2412, 0, 0, 240
L 2212.3062, -14.4321, -241.2412, 2212.8052, -11.7246, -240.9857, 0, 0, 240
L 2212.8052, -11.7246, -240.9857, 2212.9080, -9.8283, -240.7058, 0, 0, 240
L 2212.9080, -9.8283, -240.7058, 2212.4163, -6.2817, -240.8844, 0, 0, 240
L 2212.4163, -6.2817, -240.8844, 2211.6553, -4.4640, -240.9745, 0, 0, 240
L 2211.6553, -4.4640, -240.9745, 2210.7842, -2.7925, -241.4606, 0, 0, 240
L 2210.7842, -2.7925, -241.4606, 2209.6619, -0.6639, -242.1460, 0, 0, 240
L 2209.6619, -0.6639, -242.1460, 2208.4727, 0.8558, -242.3664, 0, 0, 240
L 2208.4727, 0.8558, -242.3664, 2207.0447, 2.1207, -242.7627, 0, 0, 240
L 2207.0447, 2.1207, -242.7627, 2205.6033, 3.3010, -243.1052, 0, 0, 240
L 2205.6033, 3.3010, -243.1052, 2204.1001, 4.5994, -243.5036, 0, 0, 240
L 2204.1001, 4.5994, -243.5036, 2203.2046, 6.3698, -243.7990, 0, 0, 240
L 2203.2046, 6.3698, -243.7990, 2202.4534, 8.1683, -244.1304, 0, 0, 240
L 2202.4534, 8.1683, -244.1304, 2202.7017, 10.0222, -244.3879, 0, 0, 240
L 2202.7017, 10.0222, -244.3879, 2202.2129, 14.4356, -244.9171, 0, 0, 240
L 2202.2129, 14.4356, -244.9171, 2201.7693, 16.3345, -245.0281, 0, 0, 240
L 2201.7693, 16.3345, -245.0281, 2202.3025, 18.2615, -245.2803, 0, 0, 240
L 2202.3025, 18.2615, -245.2803, 2203.0635, 20.1073, -245.5640, 0, 0, 240
L 2203.0635, 20.1073, -245.5640, 2204.0369, 21.7064, -245.8699, 0, 0, 240
L 2204.0369, 21.7064, -245.8699, 2207.8904, 27.9309, -246.4888, 0, 0, 240
L 2207.8904, 27.9309, -246.4888, 2209.6973, 28.6288, -246.5991, 0, 0, 240
L 2209.6973, 28.6288, -246.5991, 2219.0718, 31.8258, -247.0294, 0, 0, 240
L 2219.0718, 31.8258, -247.0294, 2220.9319, 32.0561, -246.9688, 0, 0, 240
L 2220.9319, 32.0561, -246.9688, 2222.8982, 32.0655, -246.7413, 0, 0, 240
L 2222.8982, 32.0655, -246.7413, 2224.8604, 31.8960, -246.4689, 0, 0, 240
L 2224.8604, 31.8960, -246.4689, 2226.7908, 31.4948, -246.2057, 0, 0, 240
L 2226.7908, 31.4948, -246.2057, 2228.7178, 30.9611, -246.3445, 0, 0, 240
L 2228.7178, 30.9611, -246.3445, 2231.4622, 30.3186, -246.7084, 0, 0, 240
L 2231.4622, 30.3186, -246.7084, 2233.4512, 30.4165, -246.7730, 0, 0, 240
L 2233.4512, 30.4165, -246.7730, 2239.0474, 29.8673, -245.8922, 0, 0, 240
L 2239.0474, 29.8673, -245.8922, 2241.0298, 29.7221, -245.9144, 0, 0, 240
L 2241.0298, 29.7221, -245.9144, 2242.8787, 30.2836, -245.8654, 0, 0, 240
L 2242.8787, 30.2836, -245.8654, 2244.6509, 30.9823, -245.8749, 0, 0, 240
L 2244.6509, 30.9823, -245.8749, 2246.1458, 32.2747, -245.8377, 0, 0, 240
L 2246.1458, 32.2747, -245.8377, 2247.3914, 33.7887, -245.6606, 0, 0, 240
L 2247.3914, 33.7887, -245.6606, 2248.0054, 35.5841, -245.6477, 0, 0, 240
L 2248.0054, 35.5841, -245.6477, 2248.9141, 37.3101, -245.7571, 0, 0, 240
L 2248.9141, 37.3101, -245.7571, 2250.4900, 38.4227, -245.8324, 0, 0, 240
L 2250.4900, 38.4227, -245.8324, 2258.7349, 43.8689, -246.8895, 0, 0, 240
L 2258.7349, 43.8689, -246.8895, 2260.5398, 44.5102, -246.8102, 0, 0, 240
L 2260.5398, 44.5102, -246.8102, 2262.4944, 44.8481, -246.8987, 0, 0, 240
L 2262.4944, 44.8481, -246.8987, 2272.1841, 46.9041, -247.1001, 0, 0, 240
L 2272.1841, 46.9041, -247.1001, 2274.1001, 47.1870, -247.0389, 0, 0, 240
L 2274.1001, 47.1870, -247.0389, 2275.8704, 46.6966, -247.0979, 0, 0, 240
L 2275.8704, 46.6966, -247.0979, 2283.0403, 45.0450, -247.3136, 0, 0, 240
L 2283.0403, 45.0450, -247.3136, 2284.9766, 44.9496, -247.2152, 0, 0, 240
L 2284.9766, 44.9496, -247.2152, 2286.8831, 44.5485, -247.1177, 0, 0, 240
L 2286.8831, 44.5485, -247.1177, 2288.5464, 43.5877, -246.9241, 0, 0, 240
L 2288.5464, 43.5877, -246.9241, 2290.1521, 42.5082, -246.6543, 0, 0, 240
L 2290.1521, 42.5082, -246.6543, 2292.4021, 40.8920, -246.4969, 0, 0, 240
L 2292.4021, 40.8920, -246.4969, 2293.8445, 39.6750, -246.5487, 0, 0, 240
L 2293.8445, 39.6750, -246.5487, 2298.8040, 35.2813, -246.5357, 0, 0, 240
L 2298.8040, 35.2813, -246.5357, 2299.1370, 33.3461, -246.5197, 0, 0, 240
L 2299.1370, 33.3461, -246.5197, 2299.5806, 25.2245, -246.3266, 0, 0, 240
L 2299.5806, 25.2245, -246.3266, 2299.9524, 23.3442, -246.4748, 0, 0, 240
L 2299.9524, 23.3442, -246.4748, 2300.3257, 21.4647, -246.5441, 0, 0, 240
L 2300.3257, 21.4647, -246.5441, 2300.6963, 19.5872, -246.2701, 0, 0, 240
L 2300.6963, 19.5872, -246.2701, 2301.1580, 15.4061, -245.5620, 0, 0, 240
L 2301.1580, 15.4061, -245.5620, 2301.3704, 13.4750, -245.3142, 0, 0, 240
L 2301.3704, 13.4750, -245.3142, 2300.9705, 10.7409, -245.4347, 0, 0, 240
L 2300.9705, 10.7409, -245.4347, 2300.7327, 9.2666, -245.4586, 0, 0, 240
L 2300.7327, 9.2666, -245.4586, 2300.2776, 6.4643, -245.2399, 0, 0, 240
L 2300.2776, 6.4643, -245.2399, 2299.9683, 4.5482, -244.6179, 0, 0, 240
L 2299.9683, 4.5482, -244.6179, 2299.5828, 2.1564, -243.8763, 0, 0, 240
L 2299.5828, 2.1564, -243.8763, 2299.3147, 0.4913, -243.3387, 0, 0, 240
L 2299.3147, 0.4913, -243.3387, 2298.6106, -1.2748, -242.3165, 0, 0, 240
L 2298.6106, -1.2748, -242.3165, 2297.3025, -2.6141, -242.4447, 0, 0, 240
L 2297.3025, -2.6141, -242.4447, 2295.9966, -3.6241, -242.6076, 0, 0, 240
L 2295.9966, -3.6241, -242.6076, 2294.9175, -4.3837, -242.7365, 0, 0, 240
L 2294.9175, -4.3837, -242.7365, 2291.9258, -6.4842, -243.5532, 0, 0, 240
L 2291.9258, -6.4842, -243.5532, 2291.7786, -8.4689, -243.4515, 0, 0, 240
L 2291.7786, -8.4689, -243.4515, 2292.1792, -14.9253, -244.2577, 0, 0, 240
L 2292.1792, -14.9253, -244.2577, 2293.2876, -15.9305, -244.1615, 0, 0, 240
L 2293.2876, -15.9305, -244.1615, 2300.1023, -22.4209, -245.0452, 0, 0, 240
L 2300.1023, -22.4209, -245.0452, 2301.0315, -24.0624, -245.2156, 0, 0, 240
L 2301.0315, -24.0624, -245.2156, 2301.6907, -25.6435, -245.8789, 0, 0, 240
L 2301.6907, -25.6435, -245.8789, 2302.0032, -27.4475, -246.0308, 0, 0, 240
L 2302.0032, -27.4475, -246.0308, 2301.8245, -38.5532, -246.3564, 0, 0, 240
L 2301.8245, -38.5532, -246.3564, 2300.2205, -39.7423, -245.8934, 0, 0, 240
L 2300.2205, -39.7423, -245.8934, 2298.0879, -41.3972, -246.2281, 0, 0, 240
L 2298.0879, -41.3972, -246.2281, 2296.7261, -42.6310, -246.2725, 0, 0, 240
L 2296.7261, -42.6310, -246.2725, 2293.2642, -45.6876, -246.5389, 0, 0, 240
L 2293.2642, -45.6876, -246.5389, 2291.7007, -46.4983, -246.5892, 0, 0, 240
L 2291.7007, -46.4983, -246.5892, 2288.3975, -48.0491, -246.2823, 0, 0, 240
L 2288.3975, -48.0491, -246.2823, 2286.9314, -48.4741, -246.3700, 0, 0, 240
L 2286.9314, -48.4741, -246.3700, 2281.0066, -49.9280, -246.9051, 0, 0, 240
L 2281.0066, -49.9280, -246.9051, 2279.1746, -50.0004, -246.8120, 0, 0, 240
L 2279.1746, -50.0004, -246.8120, 2277.2288, -49.7364, -246.5467, 0, 0, 240
L 2277.2288, -49.7364, -246.5467, 2267.2764, -48.3320, -245.1552, 0, 0, 240
L 2267.2764, -48.3320, -245.1552, 2265.7996, -47.8040, -244.9637, 0, 0, 240
L 2265.7996, -47.8040, -244.9637, 2255.1260, -43.9572, -247.3916, 0, 0, 240
L 2255.1260, -43.9572, -247.3916, 2254.7388, -45.2201, -247.9608, 0, 0, 240
L 2254.7388, -45.2201, -247.9608, 2254.2969, -49.7462, -243.4227, 0, 0, 240
L 2254.2969, -49.7462, -243.4227, 2253.2017, -49.2120, -243.4701, 0, 0, 240
L 2253.2017, -49.2120, -243.4701, 2246.6558, -46.3428, -245.0616, 0, 0, 240
L 2246.6558, -46.3428, -245.0616, 2244.6792, -46.2283, -245.0989, 0, 0, 240
L 2244.6792, -46.2283, -245.0989, 2242.0701, -46.3521, -245.0193, 0, 0, 240
L 2242.0701, -46.3521, -245.0193, 2240.6526, -46.9186, -244.8951, 0, 0, 240
L 2240.6526, -46.9186, -244.8951, 2233.6204, -49.4050, -244.2632, 0, 0, 240
L 2233.6204, -49.4050, -244.2632, 2232.2554, -49.5563, -244.2969, 0, 0, 240
L 2232.2554, -49.5563, -244.2969, 2222.4351, -50.8092, -242.7713, 0, 0, 240
L 2222.4351, -50.8092, -242.7713, 2220.9043, -51.2117, -242.3599, 0, 0, 240
L 2220.9043, -51.2117, -242.3599, 2217.2095, -52.2808, -241.7974, 0, 0, 240
L 2217.2095, -52.2808, -241.7974, 2215.9080, -53.2453, -241.4216, 0, 0, 240
L 2215.9080, -53.2453, -241.4216, 2214.4114, -54.3488, -241.1499, 0, 0, 240
L 2214.4114, -54.3488, -241.1499, 2213.5364, -55.8929, -241.2452, 0, 0, 240
L 2213.5364, -55.8929, -241.2452, 2212.4263, -57.4542, -241.6546, 0, 0, 240
L 2212.4263, -57.4542, -241.6546, 2211.4927, -59.0963, -241.8815, 0, 0, 240
L 2211.4927, -59.0963, -241.8815, 2210.7815, -60.8609, -241.9527, 0, 0, 240
L 2210.7815, -60.8609, -241.9527, 2210.8711, -62.8329, -242.0506, 0, 0, 240
L 2210.8711, -62.8329, -242.0506, 2211.4485, -64.5143, -241.9672, 0, 0, 240
L 2211.4485, -64.5143, -241.9672, 2213.5618, -70.6902, -243.0756, 0, 0, 240
L 2213.5618, -70.6902, -243.0756, 2215.3987, -71.4780, -242.8513, 0, 0, 240
L 2215.3987, -71.4780, -242.8513, 2224.0718, -75.3854, -243.4254, 0, 0, 240
L 2224.0718, -75.3854, -243.4254, 2224.5977, -76.9163, -243.5327, 0, 0, 240
L 2224.5977, -76.9163, -243.5327, 2225.3826, -79.2173, -243.7938, 0, 0, 240
L 2225.3826, -79.2173, -243.7938, 2225.9568, -81.1181, -243.9510, 0, 0, 240
L 2225.9568, -81.1181, -243.9510, 2227.0447, -84.7275, -244.3494, 0, 0, 240
L 2227.0447, -84.7275, -244.3494, 2228.1453, -86.3341, -244.4720, 0, 0, 240
L 2228.1453, -86.3341, -244.4720, 2230.5535, -89.7913, -245.0846, 0, 0, 240
L 2230.5535, -89.7913, -245.0846, 2231.6448, -90.9382, -245.1855, 0, 0, 240
L 2231.6448, -90.9382, -245.1855, 2233.2212, -92.5555, -245.5892, 0, 0, 240
L 2233.2212, -92.5555, -245.5892, 2234.3992, -93.5234, -245.6835, 0, 0, 240
L 2234.3992, -93.5234, -245.6835, 2235.9778, -94.8221, -246.2047, 0, 0, 240
L 2235.9778, -94.8221, -246.2047, 2236.1460, -96.7887, -246.3267, 0, 0, 240
L 2236.1460, -96.7887, -246.3267, 2235.6487, -110.1188, -246.2262, 0, 0, 240
L 2235.6487, -110.1188, -246.2262, 2234.6067, -110.9795, -246.0464, 0, 0, 240
L 2234.6067, -110.9795, -246.0464, 2233.4434, -111.8202, -246.0194, 0, 0, 240
L 2233.4434, -111.8202, -246.0194, 2231.8794, -112.9483, -246.1350, 0, 0, 240
L 2231.8794, -112.9483, -246.1350, 2230.2349, -113.4679, -246.3930, 0, 0, 240
L 2230.2349, -113.4679, -246.3930, 2227.4988, -114.2164, -244.9937, 0, 0, 240
L 2227.4988, -114.2164, -244.9937, 2225.6172, -113.9609, -245.0002, 0, 0, 240
L 2225.6172, -113.9609, -245.0002, 2220.9939, -113.5394, -245.4877, 0, 0, 240
L 2220.9939, -113.5394, -245.4877, 2220.0276, -114.9104, -245.3038, 0, 0, 240
L 2220.0276, -114.9104, -245.3038, 2217.4507, -118.4493, -245.0058, 0, 0, 240
L 2217.4507, -118.4493, -245.0058, 2216.1543, -119.8536, -245.3757, 0, 0, 240
L 2216.1543, -119.8536, -245.3757, 2216.3157, -121.0461, -245.4671, 0, 0, 240
L 2216.3157, -121.0461, -245.4671, 2216.8079, -123.6453, -245.1987, 0, 0, 240
L 2216.8079, -123.6453, -245.1987, 2217.4358, -125.3570, -245.2904, 0, 0, 240
L 2217.4358, -125.3570, -245.2904, 2218.3467, -127.8195, -244.9879, 0, 0, 240
L 2218.3467, -127.8195, -244.9879, 2217.8289, -129.5237, -245.0820, 0, 0, 240
L 2217.8289, -129.5237, -245.0820, 2216.7559, -133.0535, -245.8271, 0, 0, 240
L 2216.7559, -133.0535, -245.8271, 2215.3577, -134.3511, -245.9417, 0, 0, 240
L 2215.3577, -134.3511, -245.9417, 2213.4363, -136.0711, -246.4600, 0, 0, 240
L 2213.4363, -136.0711, -246.4600, 2211.9656, -137.2474, -246.5661, 0, 0, 240
L 2211.9656, -137.2474, -246.5661, 2210.2627, -138.5330, -246.2737, 0, 0, 240
L 2210.2627, -138.5330, -246.2737, 2208.8672, -139.1512, -246.2284, 0, 0, 240
L 2208.8672, -139.1512, -246.2284, 2206.3821, -140.1628, -245.9356, 0, 0, 240
L 2206.3821, -140.1628, -245.9356, 2205.1746, -140.5289, -245.8913, 0, 0, 240
L 2205.1746, -140.5289, -245.8913, 2202.1121, -141.3135, -246.1097, 0, 0, 240
L 2202.1121, -141.3135, -246.1097, 2200.3030, -141.6503, -246.3513, 0, 0, 240
L 2200.3030, -141.6503, -246.3513, 2198.9307, -141.8354, -246.2411, 0, 0, 240
L 2198.9307, -141.8354, -246.2411, 2195.3362, -142.1439, -246.7296, 0, 0, 240
L 2322.7732, 137.8614, -245.9802, 2326.1067, 139.5957, -249.4208, 240, 0, 0
L 2326.1067, 139.5957, -249.4208, 2327.6038, 142.7790, -249.1971, 240, 0, 0
L 2327.6038, 142.7790, -249.1971, 2329.4395, 145.6189, -249.2232, 240, 0, 0
L 2329.4395, 145.6189, -249.2232, 2330.7388, 147.6288, -246.3877, 240, 0, 0
L 2330.7388, 147.6288, -246.3877, 2332.8538, 145.9687, -246.4844, 240, 0, 0
L 2332.8538, 145.9687, -246.4844, 2336.4451, 147.1971, -246.5519, 240, 0, 0
L 2336.4451, 147.1971, -246.5519, 2337.5381, 149.0379, -246.5969, 240, 0, 0
L 2337.5381, 149.0379, -246.5969, 2339.9141, 149.4517, -246.6306, 240, 0, 0
L 2339.9141, 149.4517, -246.6306, 2342.3440, 151.1258, -246.6683, 240, 0, 0
L 2342.3440, 151.1258, -246.6683, 2340.6565, 156.2501, -246.7185, 240, 0, 0
L 2323.0076, 137.2165, -245.9376, 2326.8450, 132.7721, -248.8134, 240, 0, 0
L 2326.8450, 132.7721, -248.8134, 2329.5884, 128.8566, -249.2306, 240, 0, 0
L 2329.5884, 128.8566, -249.2306, 2333.1836, 126.3124, -249.1063, 240, 0, 0
L 2333.1836, 126.3124, -249.1063, 2338.4253, 125.1829, -248.9582, 240, 0, 0
L 2338.4253, 125.1829, -248.9582, 2344.2227, 125.1664, -245.2424, 240, 0, 0
L 2344.2227, 125.1664, -245.2424, 2348.1343, 125.8973, -245.3900, 240, 0, 0
L 2348.1343, 125.8973, -245.3900, 2350.9883, 132.3704, -245.6144, 240, 0, 0
L 2350.9883, 132.3704, -245.6144, 2359.3096, 132.2139, -245.8221, 240, 0, 0
L 2359.3096, 132.2139, -245.8221, 2361.9844, 128.9230, -246.3599, 240, 0, 0
L 2361.9844, 128.9230, -246.3599, 2366.7830, 131.9039, -246.6758, 240, 0, 0
L 2366.7830, 131.9039, -246.6758, 2368.1509, 131.7684, -246.6758, 240, 0, 0
L 2368.1509, 131.7684, -246.6758, 2373.3528, 133.2661, -246.6758, 240, 0, 0
L 2373.3528, 133.2661, -246.6758, 2375.4063, 138.6519, -246.6758, 240, 0, 0
L 2375.4063, 138.6519, -246.6758, 2374.6487, 142.7334, -246.6758, 240, 0, 0
L 2374.6487, 142.7334, -246.6758, 2377.1226, 144.8363, -246.6758, 240, 0, 0
L 2377.1226, 144.8363, -246.6758, 2376.0901, 147.7237, -248.0341, 240, 0, 0
L 2376.0901, 147.7237, -248.0341, 2370.7083, 151.1383, -248.0341, 240, 0, 0
L 2370.7083, 151.1383, -248.0341, 2366.7393, 151.2825, -248.0341, 240, 0, 0
L 2366.7393, 151.2825, -248.0341, 2365.6216, 153.7788, -248.0341, 240, 0, 0
L 2365.6216, 153.7788, -248.0341, 2366.7732, 157.5165, -248.0341, 240, 0, 0
L 2366.7732, 157.5165, -248.0341, 2368.7703, 157.6888, -248.0341, 240, 0, 0
L 2368.7703, 157.6888, -248.0341, 2371.9578, 158.2436, -248.0341, 240, 0, 0
L 2371.9578, 158.2436, -248.0341, 2373.4253, 162.2290, -246.6757, 240, 0, 0
L 2373.4253, 162.2290, -246.6757, 2370.6470, 164.7927, -246.6758, 240, 0, 0
L 2370.6470, 164.7927, -246.6758, 2368.1106, 170.0836, -246.6512, 240, 0, 0
L 2368.1106, 170.0836, -246.6512, 2360.5513, 170.4561, -246.7238, 240, 0, 0
L 2360.5513, 170.4561, -246.7238, 2360.2212, 172.4700, -246.7314, 240, 0, 0
L 2360.2212, 172.4700, -246.7314, 2356.0215, 175.6691, -246.8718, 240, 0, 0
L 2356.0215, 175.6691, -246.8718, 2356.1597, 176.8183, -246.8796, 240, 0, 0
L 2356.1597, 176.8183, -246.8796, 2352.0474, 179.8396, -246.9528, 240, 0, 0
L 2352.0474, 179.8396, -246.9528, 2346.4805, 176.6817, -246.9482, 240, 0, 0
L 2346.4805, 176.6817, -246.9482, 2345.5430, 170.5496, -246.8894, 240, 0, 0
L 2345.5430, 170.5496, -246.8894, 2349.3965, 165.8500, -246.8703, 240, 0, 0
L 2349.3965, 165.8500, -246.8703, 2345.4048, 156.3568, -246.7641, 240, 0, 0
L 2345.4048, 156.3568, -246.7641, 2340.7017, 156.4573, -246.7149, 240, 0, 0
L 2114.7974, -203.9553, -244.8067, 2115.2957, -198.1044, -245.8547, 0, 0, 240
L 2115.2957, -198.1044, -245.8547, 2115.4351, -196.4812, -245.9946, 0, 0, 240
L 2115.4351, -196.4812, -245.9946, 2115.8616, -191.4722, -246.8079, 0, 0, 240
L 2115.8616, -191.4722, -246.8079, 2116.0137, -189.7020, -246.9489, 0, 0, 240
L 2116.0137, -189.7020, -246.9489, 2116.4402, -184.6964, -247.4686, 0, 0, 240
L 2116.4402, -184.6964, -247.4686, 2116.9170, -183.2507, -247.5159, 0, 0, 240
L 2116.9170, -183.2507, -247.5159, 2118.8396, -177.3324, -249.5854, 0, 0, 240
L 2118.8396, -177.3324, -249.5854, 2119.1360, -176.0824, -249.6378, 0, 0, 240
L 2119.1360, -176.0824, -249.6378, 2119.5103, -174.5044, -249.7584, 0, 0, 240
L 2119.5103, -174.5044, -249.7584, 2121.8101, -164.8076, -248.1013, 0, 0, 240
L 2121.8101, -164.8076, -248.1013, 2122.5315, -163.2804, -248.0501, 0, 0, 240
L 2122.5315, -163.2804, -248.0501, 2125.7310, -156.5074, -247.6143, 0, 0, 240
L 2125.7310, -156.5074, -247.6143, 2126.6768, -155.4106, -247.6568, 0, 0, 240
L 2126.6768, -155.4106, -247.6568, 2145.1155, -133.9666, -246.3408, 0, 0, 240
L 2145.1155, -133.9666, -246.3408, 2146.1890, -132.4004, -246.0789, 0, 0, 240
L 2146.1890, -132.4004, -246.0789, 2147.0242, -131.0872, -245.7382, 0, 0, 240
L 2147.0242, -131.0872, -245.7382, 2147.8455, -129.2923, -245.5423, 0, 0, 240
L 2147.8455, -129.2923, -245.5423, 2148.7483, -127.3150, -245.2799, 0, 0, 240
L 2148.7483, -127.3150, -245.2799, 2149.0684, -125.8001, -245.0662, 0, 0, 240
L 2149.0684, -125.8001, -245.0662, 2149.5630, -123.4629, -243.8708, 0, 0, 240
L 2149.5630, -123.4629, -243.8708, 2149.6553, -121.9092, -242.8947, 0, 0, 240
L 2149.6553, -121.9092, -242.8947, 2149.2305, -114.0864, -250.8622, 0, 0, 240
L 2149.2305, -114.0864, -250.8622, 2147.9329, -112.5888, -251.1117, 0, 0, 240
L 2147.9329, -112.5888, -251.1117, 2145.5518, -109.7611, -251.9411, 0, 0, 240
L 2145.5518, -109.7611, -251.9411, 2145.3716, -107.9588, -252.6598, 0, 0, 240
L 2145.3716, -107.9588, -252.6598, 2145.8345, -105.7764, -253.2926, 0, 0, 240
L 2145.8345, -105.7764, -253.2926, 2147.1587, -104.6287, -253.4992, 0, 0, 240
L 2114.6211, -204.4671, -244.6402, 2132.0652, -195.2595, -247.2805, 0, 0, 240
L 2132.0652, -195.2595, -247.2805, 2133.4346, -194.3918, -247.1183, 0, 0, 240
L 2133.4346, -194.3918, -247.1183, 2164.4109, -174.7386, -245.2748, 0, 0, 240
L 2164.4109, -174.7386, -245.2748, 2165.7908, -173.7404, -245.3155, 0, 0, 240
L 2165.7908, -173.7404, -245.3155, 2167.5977, -172.4334, -245.4127, 0, 0, 240
L 2167.5977, -172.4334, -245.4127, 2168.7112, -171.2833, -245.4498, 0, 0, 240
L 2168.7112, -171.2833, -245.4498, 2170.0430, -170.0204, -245.6619, 0, 0, 240
L 2170.0430, -170.0204, -245.6619, 2171.2073, -168.6252, -246.8490, 0, 0, 240
L 2171.2073, -168.6252, -246.8490, 2171.3301, -167.1587, -246.9177, 0, 0, 240
L 2171.3301, -167.1587, -246.9177, 2171.8301, -159.2102, -249.1945, 0, 0, 240
L 2171.8301, -159.2102, -249.1945, 2171.2200, -157.9766, -249.2166, 0, 0, 240
L 2171.2200, -157.9766, -249.2166, 2169.9998, -156.5097, -249.3148, 0, 0, 240
L 2169.9998, -156.5097, -249.3148, 2169.0093, -155.5641, -249.4432, 0, 0, 240
L 2169.0093, -155.5641, -249.4432, 2161.2371, -148.1124, -250.5820, 0, 0, 240
L 2161.2371, -148.1124, -250.5820, 2162.9634, -147.1475, -250.5820, 0, 0, 240
L 2162.9634, -147.1475, -250.5820, 2164.9170, -145.9525, -250.5820, 0, 0, 240
L 2164.9170, -145.9525, -250.5820, 2166.5779, -144.8424, -250.5176, 0, 0, 240
L 2166.5779, -144.8424, -250.5176, 2173.7078, -140.3765, -248.3559, 0, 0, 240
L 2173.7078, -140.3765, -248.3559, 2175.6138, -139.8808, -247.9568, 0, 0, 240
L 2175.6138, -139.8808, -247.9568, 2176.9751, -139.3056, -247.6110, 0, 0, 240
L 2098.7996, -265.0622, -235.8189, 2106.0562, -236.0509, -241.7217, 0, 240, 240
L 2106.0562, -236.0509, -241.7217, 2107.7051, -229.4574, -237.4029, 0, 240, 240
L 2107.7051, -229.4574, -237.4029, 2107.6863, -227.9550, -236.9015, 0, 240, 240
L 2107.6863, -227.9550, -236.9015, 2108.1182, -208.6559, -236.8747, 0, 240, 240
L 2108.1182, -208.6559, -236.8747, 2108.3506, -206.9397, -237.0987, 0, 240, 240
L 2108.3506, -206.9397, -237.0987, 2108.7295, -203.8523, -237.2930, 0, 240, 240
L 2108.7295, -203.8523, -237.2930, 2109.0872, -202.6002, -237.2000, 0, 240, 240
L 2109.0872, -202.6002, -237.2000, 2111.7747, -193.0457, -238.3144, 0, 240, 240
L 2111.7747, -193.0457, -238.3144, 2113.6714, -186.3038, -242.0240, 0, 240, 240
L 2113.6714, -186.3038, -242.0240, 2113.7881, -184.6735, -243.1192, 0, 240, 240
L 2113.7881, -184.6735, -243.1192, 2114.2808, -174.7451, -243.4451, 0, 240, 240
L 2114.2808, -174.7451, -243.4451, 2114.3538, -173.2345, -242.8400, 0, 240, 240
L 2114.3538, -173.2345, -242.8400, 2114.6492, -169.8723, -241.3197, 0, 240, 240
L 2114.6492, -169.8723, -241.3197, 2115.6160, -168.2383, -241.4078, 0, 240, 240
L 2115.6160, -168.2383, -241.4078, 2120.3787, -160.2569, -243.1819, 0, 240, 240
L 2120.3787, -160.2569, -243.1819, 2127.2808, -148.7099, -245.3726, 0, 240, 240
L 2127.2808, -148.7099, -245.3726, 2128.2310, -147.7357, -245.3862, 0, 240, 240
L 2128.2310, -147.7357, -245.3862, 2139.3777, -136.3423, -245.6420, 0, 240, 240
L 2139.3777, -136.3423, -245.6420, 2141.0750, -136.0936, -244.8330, 0, 240, 240
L 2141.0750, -136.0936, -244.8330, 2142.6299, -134.9590, -244.7121, 0, 240, 240
L 2142.6299, -134.9590, -244.7121, 2143.1602, -133.7194, -244.2064, 0, 240, 240
L 2143.1602, -133.7194, -244.2064, 2146.6663, -125.5172, -240.8296, 0, 240, 240
L 2146.6663, -125.5172, -240.8296, 2147.0396, -123.7675, -240.5655, 0, 240, 240
L 2147.0396, -123.7675, -240.5655, 2147.5508, -122.3458, -240.5065, 0, 240, 240
L 2147.5508, -122.3458, -240.5065, 2148.0420, -120.7801, -240.4062, 0, 240, 240
L 2148.0420, -120.7801, -240.4062, 2148.4175, -119.0446, -240.3199, 0, 240, 240
L 2148.4175, -119.0446, -240.3199, 2148.9253, -117.3386, -240.4497, 0, 240, 240
L 2148.9253, -117.3386, -240.4497, 2149.7615, -115.8256, -240.7586, 0, 240, 240
L 2161.1304, -95.2624, -250.6208, 2161.4463, -95.1683, -250.6208, 0, 240, 240
L 2100.0071, -261.7210, -237.6053, 2100.4214, -273.8026, -237.8835, 0, 240, 240
L 2100.4214, -273.8026, -237.8835, 2100.7283, -275.1704, -238.0428, 0, 240, 240
L 2100.7283, -275.1704, -238.0428, 2101.1775, -277.1718, -238.3713, 0, 240, 240
L 2101.1775, -277.1718, -238.3713, 2104.7957, -293.3217, -244.0886, 0, 240, 240
L 2104.7957, -293.3217, -244.0886, 2104.8108, -294.6623, -243.8968, 0, 240, 240
L 2104.8108, -294.6623, -243.8968, 2105.1133, -298.2963, -243.9955, 0, 240, 240
L 2105.1133, -298.2963, -243.9955, 2105.9417, -300.0060, -244.8308, 0, 240, 240
L 2105.9417, -300.0060, -244.8308, 2106.1941, -301.3387, -244.8018, 0, 240, 240
L 2106.1941, -301.3387, -244.8018, 2106.5293, -302.6461, -244.7549, 0, 240, 240
L 2106.5293, -302.6461, -244.7549, 2106.9063, -304.1677, -244.6401, 0, 240, 240
L 2106.9063, -304.1677, -244.6401, 2107.2354, -305.5882, -244.4699, 0, 240, 240
L 2107.2354, -305.5882, -244.4699, 2107.5757, -307.0588, -244.3498, 0, 240, 240
L 2107.5757, -307.0588, -244.3498, 2107.9097, -308.5008, -244.2888, 0, 240, 240
L 2107.9097, -308.5008, -244.2888, 2108.3721, -310.4985, -244.3006, 0, 240, 240
L 2108.3721, -310.4985, -244.3006, 2108.6895, -311.8690, -244.3781, 0, 240, 240
L 2108.6895, -311.8690, -244.3781, 2109.1292, -313.7686, -244.5819, 0, 240, 240
L 2109.1292, -313.7686, -244.5819, 2113.0635, -330.7787, -254.6890, 0, 240, 240
L 2113.0635, -330.7787, -254.6890, 2112.2205, -332.5576, -254.4353, 0, 240, 240
L 2112.2205, -332.5576, -254.4353, 2106.9856, -343.5868, -247.6888, 0, 240, 240
L 2106.9856, -343.5868, -247.6888, 2106.4917, -345.2888, -247.3194, 0, 240, 240
L 2106.4917, -345.2888, -247.3194, 2106.8621, -346.9007, -245.9509, 0, 240, 240
L 2106.8621, -346.9007, -245.9509, 2107.4683, -348.6863, -244.6250, 0, 240, 240
L 1033.7686, 249.3926, -258.9872, 1020.1924, 248.6750, -258.8967, 0, 0, 240
L 1020.1924, 248.6750, -258.8967, 1011.1487, 243.8754, -258.8949, 0, 0, 240
L 1011.1487, 243.8754, -258.8949, 1006.7805, 235.2020, -258.8931, 0, 0, 240
L 1006.7805, 235.2020, -258.8931, 1008.7801, 226.3976, -258.8913, 0, 0, 240
L 1008.7801, 226.3976, -258.8913, 1015.0400, 222.9895, -258.8890, 0, 0, 240
L 1015.0400, 222.9895, -258.8890, 1023.9225, 216.2269, -255.6481, 0, 0, 240
L 1225.9076, 340.8564, -258.7695, 1217.5724, 338.3296, -258.7665, 0, 0, 240
L 1217.5724, 338.3296, -258.7665, 1213.5984, 329.7302, -258.7637, 0, 0, 240
L 1213.5984, 329.7302, -258.7637, 1214.2625, 320.6143, -258.7603, 0, 0, 240
L 1214.2625, 320.6143, -258.7603, 1212.3949, 310.6304, -258.7580, 0, 0, 240
L 1212.3949, 310.6304, -258.7580, 1209.8949, 309.9721, -258.7570, 0, 0, 240
L 1209.8949, 309.9721, -258.7570, 1208.7709, 304.3481, -258.7555, 0, 0, 240
L 1208.7709, 304.3481, -258.7555, 1204.3423, 299.8080, -258.7540, 0, 0, 240
L 1204.3423, 299.8080, -258.7540, 1203.5717, 293.7888, -258.7524, 0, 0, 240
L 1203.5717, 293.7888, -258.7524, 1198.7787, 285.0957, -258.7505, 0, 0, 240
L 1198.7787, 285.0957, -258.7505, 1194.9795, 282.8212, -258.7492, 0, 0, 240
L 1194.9795, 282.8212, -258.7492, 1194.7748, 269.9082, -258.7788, 0, 0, 240
L 1194.7748, 269.9082, -258.7788, 1199.1055, 257.7727, -258.7750, 0, 0, 240
L 1199.1055, 257.7727, -258.7750, 1212.1438, 255.5581, -258.7799, 0, 0, 240
L 1220.4323, 261.4184, -259.2513, 1212.1438, 255.5581, -258.7866, 0, 0, 240
L 1221.0066, 261.6289, -259.1039, 1228.0602, 260.0776, -259.1019, 0, 0, 240
L 1228.0602, 260.0776, -259.1019, 1234.9784, 268.1053, -259.0999, 0, 0, 240
L 1234.9784, 268.1053, -259.0999, 1236.6000, 271.8972, -259.0991, 0, 0, 240
L 1236.6000, 271.8972, -259.0991, 1249.8145, 280.2266, -258.8002, 0, 0, 240
L 1249.8145, 280.2266, -258.8002, 1251.6421, 283.4595, -258.7993, 0, 0, 240
L 1251.6421, 283.4595, -258.7993, 1257.9933, 281.9031, -258.7978, 0, 0, 240
L 1257.9933, 281.9031, -258.7978, 1265.8262, 285.4986, -258.7807, 0, 0, 240
L 1265.8262, 285.4986, -258.7807, 1267.8661, 293.9103, -258.7785, 0, 0, 240
L 1267.8661, 293.9103, -258.7785, 1270.4795, 300.4646, -258.7766, 0, 0, 240
L 1059.5320, 276.8666, -191.3066, 1045.5094, 266.0587, -191.3060, 0, 240, 0
L 1045.5094, 266.0587, -191.3060, 1044.3440, 265.3795, -191.3060, 0, 240, 0
L 1044.3440, 265.3795, -191.3060, 1021.4302, 251.9152, -190.1301, 0, 240, 0
L 1021.4302, 251.9152, -190.1301, 1020.3254, 250.7921, -190.0438, 0, 240, 0
L 1020.3254, 250.7921, -190.0438, 1013.1628, 243.8422, -189.5032, 0, 240, 0
L 1013.1628, 243.8422, -189.5032, 1012.0869, 242.9584, -189.4834, 0, 240, 0
L 1012.0869, 242.9584, -189.4834, 982.0873, 218.3205, -189.4677, 0, 240, 0
L 982.0873, 218.3205, -189.4677, 980.8328, 217.1553, -189.4676, 0, 240, 0
L 980.8328, 217.1553, -189.4676, 957.0527, 195.0515, -189.3768, 0, 240, 0
L 957.0527, 195.0515, -189.3768, 955.2170, 193.2662, -189.3768, 0, 240, 0
L 955.2170, 193.2662, -189.3768, 954.1097, 192.1265, -189.3768, 0, 240, 0
L 954.1097, 192.1265, -189.3768, 953.0394, 190.9525, -189.3767, 0, 240, 0
L 953.0394, 190.9525, -189.3767, 951.9115, 189.5957, -189.3767, 0, 240, 0
L 951.9115, 189.5957, -189.3767, 950.9886, 188.2730, -189.3764, 0, 240, 0
L 950.9886, 188.2730, -189.3764, 950.5947, 186.6154, -189.3764, 0, 240, 0
L 950.5947, 186.6154, -189.3764, 945.2795, 164.2507, -189.3755, 0, 240, 0
L 945.2795, 164.2507, -189.3755, 944.5232, 162.4251, -189.3755, 0, 240, 0
L 944.5232, 162.4251, -189.3755, 933.9373, 136.8327, -188.7234, 0, 240, 0
L 933.9373, 136.8327, -188.7234, 933.3627, 135.3510, -188.5377, 0, 240, 0
L 933.3627, 135.3510, -188.5377, 932.7684, 133.6884, -188.3602, 0, 240, 0
L 932.7684, 133.6884, -188.3602, 932.2570, 132.0914, -188.2312, 0, 240, 0
L 932.2570, 132.0914, -188.2312, 931.8347, 130.5606, -188.1331, 0, 240, 0
L 931.8347, 130.5606, -188.1331, 931.4155, 128.8460, -188.0513, 0, 240, 0
L 931.4155, 128.8460, -188.0513, 931.0356, 127.2123, -187.9729, 0, 240, 0
L 931.0356, 127.2123, -187.9729, 930.6634, 125.5765, -187.9305, 0, 240, 0
L 930.6634, 125.5765, -187.9305, 928.6862, 116.7887, -187.7175, 0, 240, 0
L 928.6862, 116.7887, -187.7175, 928.4539, 115.7546, -187.6967, 0, 240, 0
L 928.4539, 115.7546, -187.6967, 928.0474, 113.9451, -187.6489, 0, 240, 0
L 928.0474, 113.9451, -187.6489, 925.3611, 101.9689, -187.3681, 0, 240, 0
L 925.3611, 101.9689, -187.3681, 925.0481, 100.5011, -187.3284, 0, 240, 0
L 925.0481, 100.5011, -187.3284, 924.5718, 97.9855, -187.2608, 0, 240, 0
L 924.5718, 97.9855, -187.2608, 924.3207, 96.3274, -187.2164, 0, 240, 0
L 924.3207, 96.3274, -187.2164, 924.8040, 84.9372, -186.9129, 0, 240, 0
L 924.8040, 84.9372, -186.9129, 925.8783, 83.4703, -186.0637, 0, 240, 0
L 925.8783, 83.4703, -186.0637, 927.8094, 83.0366, -186.0037, 0, 240, 0
L 927.8094, 83.0366, -186.0037, 931.7448, 82.2712, -185.9277, 0, 240, 0
L 931.7448, 82.2712, -185.9277, 933.0417, 82.8020, -185.9128, 0, 240, 0
L 933.0417, 82.8020, -185.9128, 942.0278, 87.0522, -185.9124, 0, 240, 0
L 942.0278, 87.0522, -185.9124, 950.8586, 90.9041, -185.9120, 0, 240, 0
L 950.8586, 90.9041, -185.9120, 959.8257, 94.4904, -185.9118, 0, 240, 0
L 959.8257, 94.4904, -185.9118, 977.8364, 101.7643, -185.8862, 0, 240, 0
L 977.8364, 101.7643, -185.8862, 979.4368, 102.5096, -185.8486, 0, 240, 0
L 979.4368, 102.5096, -185.8486, 981.5477, 103.6129, -185.7975, 0, 240, 0
L 981.5477, 103.6129, -185.7975, 982.4254, 104.9175, -185.8264, 0, 240, 0
L 982.4254, 104.9175, -185.8264, 983.0074, 106.3841, -185.8737, 0, 240, 0
L 983.0074, 106.3841, -185.8737, 984.0057, 107.7197, -185.8973, 0, 240, 0
L 984.0057, 107.7197, -185.8973, 985.0458, 108.8282, -185.9052, 0, 240, 0
L 985.0458, 108.8282, -185.9052, 986.6297, 110.4858, -185.9104, 0, 240, 0
L 986.6297, 110.4858, -185.9104, 987.0530, 111.8227, -185.9103, 0, 240, 0
L 987.0530, 111.8227, -185.9103, 988.4775, 116.3205, -185.9100, 0, 240, 0
L 988.4775, 116.3205, -185.9100, 988.6794, 117.8091, -185.9652, 0, 240, 0
L 988.6794, 117.8091, -185.9652, 989.1468, 121.2531, -186.0930, 0, 240, 0
L 989.1468, 121.2531, -186.0930, 989.4030, 123.1411, -186.1631, 0, 240, 0
L 989.4030, 123.1411, -186.1631, 989.8889, 126.7214, -186.2959, 0, 240, 0
L 989.8889, 126.7214, -186.2959, 990.1379, 128.5632, -186.3638, 0, 240, 0
L 990.1379, 128.5632, -186.3638, 990.5588, 137.2977, -186.6458, 0, 240, 0
L 990.5588, 137.2977, -186.6458, 991.3973, 138.7815, -186.8631, 0, 240, 0
L 991.3973, 138.7815, -186.8631, 992.2966, 139.9561, -187.0489, 0, 240, 0
L 992.2966, 139.9561, -187.0489, 993.4072, 141.2183, -187.2569, 0, 240, 0
L 993.4072, 141.2183, -187.2569, 995.7844, 143.7673, -187.6847, 0, 240, 0
L 995.7844, 143.7673, -187.6847, 1002.5931, 150.9287, -188.8944, 0, 240, 0
L 1002.5931, 150.9287, -188.8944, 1023.0511, 172.4184, -192.5259, 0, 240, 0
L 1023.0511, 172.4184, -192.5259, 1029.8660, 179.2834, -193.7104, 0, 240, 0
L 1029.8660, 179.2834, -193.7104, 1031.2339, 180.5236, -193.9364, 0, 240, 0
L 1031.2339, 180.5236, -193.9364, 1059.5054, 206.1578, -196.8049, 0, 240, 0
L 1050.7638, 83.2790, -187.5033, 1046.7195, 78.1629, -184.0362, 0, 240, 0
L 1046.7195, 78.1629, -184.0362, 1045.3102, 76.7540, -183.9762, 0, 240, 0
L 1045.3102, 76.7540, -183.9762, 1034.9003, 66.3498, -180.7886, 0, 240, 0
L 1034.9003, 66.3498, -180.7886, 1033.5735, 65.8394, -180.1786, 0, 240, 0
L 1033.5735, 65.8394, -180.1786, 1031.6808, 65.6126, -178.2836, 0, 240, 0
L 1031.6808, 65.6126, -178.2836, 1030.3860, 66.6915, -177.7110, 0, 240, 0
L 1030.3860, 66.6915, -177.7110, 1028.7688, 67.7228, -177.7553, 0, 240, 0
L 1028.7688, 67.7228, -177.7553, 1022.8754, 71.7891, -177.6785, 0, 240, 0
L 1022.8754, 71.7891, -177.6785, 1021.4788, 72.9311, -177.5860, 0, 240, 0
L 1021.4788, 72.9311, -177.5860, 1020.5720, 73.6051, -177.5560, 0, 240, 0
L 1020.5720, 73.6051, -177.5560, 1017.0071, 76.0207, -177.5215, 0, 240, 0
L 1017.0071, 76.0207, -177.5215, 1009.8019, 80.6904, -177.5905, 0, 240, 0
L 1009.8019, 80.6904, -177.5905, 1010.4513, 82.3839, -179.4673, 0, 240, 0
L 1010.4513, 82.3839, -179.4673, 1011.3846, 83.5865, -179.8484, 0, 240, 0
L 1011.3846, 83.5865, -179.8484, 1013.0132, 85.7914, -180.4977, 0, 240, 0
L 1013.0132, 85.7914, -180.4977, 1018.8334, 93.6216, -183.0455, 0, 240, 0
L 1018.8334, 93.6216, -183.0455, 1019.8774, 94.5767, -183.9300, 0, 240, 0
L 1019.8774, 94.5767, -183.9300, 1021.1224, 95.6262, -184.9251, 0, 240, 0
L 1021.1224, 95.6262, -184.9251, 1028.7417, 101.7614, -188.0183, 0, 240, 0
L 1028.7417, 101.7614, -188.0183, 1050.8373, 119.4538, -205.4303, 0, 240, 0
L 1050.8373, 119.4538, -205.4303, 1051.1565, 120.7984, -206.2938, 0, 240, 0
L 1051.1565, 120.7984, -206.2938, 1051.5138, 122.3037, -207.2606, 0, 240, 0
L 1051.5138, 122.3037, -207.2606, 1052.2338, 125.3409, -209.2108, 0, 240, 0
P -719.2957, -1013.6230, -37.9903, 0, 127, 127, 2, Tilly_Rocksmelt_(Quests)
P -214.0123, -1217.0481, -30.6542, 0, 127, 127, 2, Bawjitsia_Jaradh_(Quests)
P 217.0825, -1434.6863, -158.0127, 240, 240, 0, 2, Hole_to_lower_level
P -1875.4639, 37.5128, -39.1728, 240, 0, 0, 3, to_Western_Wastes
P 1662.5298, -171.0046, -258.9676, 240, 240, 0, 2, TRAP
P 1468.5768, -307.1516, -255.0563, 240, 240, 0, 2, TRAP
P 682.1691, -1047.5529, -261.5329, 240, 240, 0, 2, TRAP
P 736.8192, -1260.2345, -248.2357, 240, 240, 0, 2, TRAP
P 2764.0115, 205.7176, -182.9609, 0, 0, 0, 2, Diatonich`s_Corpse
P 611.0884, -392.8064, -223.2990, 240, 240, 0, 2, One-Way_(North)
P 1203.2001, 275.6628, -289.7307, 127, 64, 0, 2, Restless_Vaniki_(Hunter)
P 296.2757, 178.3052, -274.3338, 127, 64, 0, 2, Restless_Vaniki_(Hunter)
P 2569.5049, -110.7330, -9.0446, 0, 0, 0, 2, Riyaht_Lqahla
P -1843.7206, 218.5891, -39.1727, 0, 127, 127, 2, Researcher_Robin_(Quests)
P 383.0521, -1714.9446, -33.2003, 0, 127, 127, 2, Quincy_Algernope_(Quests)
P 1866.4690, -945.4691, -16.0294, 127, 64, 0, 2, a_massive_dracoliche_(Hunter)
P -1049.9922, -928.2540, -4.6689, 240, 240, 240, 2, Dragon_Bones_#1
P -617.0043, -686.5436, -2.3105, 240, 240, 240, 2, Dragon_Bones_#2
P 598.6255, -1627.0973, -10.5215, 240, 240, 240, 2, Dragon_Bones_#3
P 265.4394, 250.2970, -273.3914, 240, 240, 240, 2, Statue_within_the_Caves
P 223.9558, -1418.3550, -262.4629, 240, 240, 240, 2, Tily's_Cave
P -967.4716, -1505.9972, -129.8708, 240, 240, 240, 2, Tily's_Barracade
P 504.6550, -31.9916, -252.3567, 240, 240, 240, 2, Tily_Camp
P 212.6931, -1406.9644, -11.7042, 127, 64, 0, 2, Seeker_Larada_(Hunter,Roam)
P 2309.2161, -9.0291, -237.5590, 127, 64, 0, 2, a_moon_bat_(Hunter)
P -1347.6497, -571.6727, -41.0666, 127, 64, 0, 2, a_toxic_phase_spider_(Hunter)
P -1372.1698, -140.4884, -38.0353, 127, 64, 0, 2, a_toxic_phase_spider_(Hunter)
P -808.2762, -953.0984, -31.6444, 127, 64, 0, 2, a_toxic_phase_spider_(Hunter,Roam)
P 2077.1304, -561.4087, -31.1801, 127, 64, 0, 2, restless_Warmaster_Ultvara_(Hunter,Roam)
P 1219.7544, -223.1294, -202.8269, 127, 64, 0, 2, a_restless_warlord_(Hunter)
P 1823.0894, -6.8952, -257.7432, 127, 64, 0, 2, a_restless_warlord_(Hunter,Roam)
P 1863.8644, -385.0348, -247.2690, 127, 64, 0, 2, a_moon_bat_(Hunter)
P 2130.0010, -355.8298, -239.6789, 127, 64, 0, 2, a_moon_bat_(Hunter)
P 2065.9043, -591.8658, -248.4713, 240, 240, 240, 2, bat_camp
P 456.5113, -577.2772, -259.9073, 127, 64, 0, 2, Restless_Dominator_Yisaki_(Hunter,Roam)
P 25.7680, -620.6135, -164.4669, 127, 64, 0, 2, Dustbinder_Tarlin_(Hunter)
P -71.9379, -879.5714, -217.1680, 127, 64, 0, 2, Foulfang_(Hunter)
P -209.4399, -960.9612, -213.5886, 127, 64, 0, 2, Foulfang_(Hunter)
P -19.0522, -1085.4386, -213.4274, 127, 64, 0, 2, Foulfang_(Hunter)
P -131.2982, -1366.0985, -158.0476, 127, 64, 0, 2, another_great_green_slime_(Hunter)
P -79.6767, -1562.9977, -163.1997, 127, 64, 0, 2, another_great_green_slime_(Hunter)
