L 1000.0, 0.0, 0.0, 1000.0, -50.0, 0.0, 255, 0, 0
L -20.0, 50.0, 0.0, -50.0, 20.0, 0.0, 255, 0, 0
L 50.0, 20.0, 0.0, 20.0, 50.0, 0.0, 255, 0, 0
L 20.0, -50.0, 0.0, 50.0, -20.0, 0.0, 255, 0, 0
L -50.0, -20.0, 0.0, -20.0, -50.0, 0.0, 255, 0, 0
L -50.0, 20.0, 0.0, -50.0, -20.0, 0.0, 255, 0, 0
L 20.0, 50.0, 0.0, -20.0, 50.0, 0.0, 255, 0, 0
L 50.0, -20.0, 0.0, 50.0, 20.0, 0.0, 255, 0, 0
L -20.0, -50.0, 0.0, 20.0, -50.0, 0.0, 255, 0, 0
L 580.0, -20.0, 0.0, 540.0, -20.0, 0.0, 255, 0, 0
L 580.0, -90.0, 0.0, 580.0, -20.0, 0.0, 255, 0, 0
L 540.0, -90.0, 0.0, 580.0, -90.0, 0.0, 255, 0, 0
L 540.0, -20.0, 0.0, 540.0, -90.0, 0.0, 255, 0, 0
L 520.0, -20.0, 0.0, 480.0, -20.0, 0.0, 255, 0, 0
L 520.0, -90.0, 0.0, 520.0, -20.0, 0.0, 255, 0, 0
L 480.0, -90.0, 0.0, 520.0, -90.0, 0.0, 255, 0, 0
L 480.0, -20.0, 0.0, 480.0, -90.0, 0.0, 255, 0, 0
L 460.0, -90.0, 0.0, 450.0, -80.0, 0.0, 255, 0, 0
L 460.0, -20.0, 0.0, 460.0, -90.0, 0.0, 255, 0, 0
L 0.0, -250.0, 0.0, 0.0, 250.0, 0.0, 255, 0, 0
L -250.0, 0.0, 0.0, 1000.0, 0.0, 0.0, 255, 0, 0
L -120.0, -80.0, 0.0, -120.0, -60.0, 0.0, 255, 0, 0
L -120.0, -60.0, 0.0, -120.0, -40.0, 0.0, 255, 0, 0
L -100.0, -60.0, 0.0, -120.0, -60.0, 0.0, 255, 0, 0
L -120.0, -60.0, 0.0, -140.0, -60.0, 0.0, 255, 0, 0
L -90.0, -50.0, 0.0, -100.0, -30.0, 0.0, 255, 0, 0
L -60.0, -80.0, 0.0, -60.0, -60.0, 0.0, 255, 0, 0
L -60.0, -60.0, 0.0, -60.0, -40.0, 0.0, 255, 0, 0
L -40.0, -60.0, 0.0, -60.0, -60.0, 0.0, 255, 0, 0
L -60.0, -60.0, 0.0, -80.0, -60.0, 0.0, 255, 0, 0
L 100.0, 60.0, 0.0, 120.0, 60.0, 0.0, 255, 0, 0
L 120.0, 60.0, 0.0, 140.0, 60.0, 0.0, 255, 0, 0
L 90.0, 70.0, 0.0, 80.0, 90.0, 0.0, 255, 0, 0
L 40.0, 60.0, 0.0, 60.0, 60.0, 0.0, 255, 0, 0
L 60.0, 60.0, 0.0, 80.0, 60.0, 0.0, 255, 0, 0
L -100.0, 60.0, 0.0, -120.0, 60.0, 0.0, 255, 0, 0
L -120.0, 60.0, 0.0, -140.0, 60.0, 0.0, 255, 0, 0
L -90.0, 70.0, 0.0, -100.0, 90.0, 0.0, 255, 0, 0
L -60.0, 80.0, 0.0, -60.0, 60.0, 0.0, 255, 0, 0
L -60.0, 60.0, 0.0, -60.0, 40.0, 0.0, 255, 0, 0
L -40.0, 60.0, 0.0, -60.0, 60.0, 0.0, 255, 0, 0
L -60.0, 60.0, 0.0, -80.0, 60.0, 0.0, 255, 0, 0
L 100.0, -60.0, 0.0, 120.0, -60.0, 0.0, 255, 0, 0
L 120.0, -60.0, 0.0, 140.0, -60.0, 0.0, 255, 0, 0
L 90.0, -50.0, 0.0, 80.0, -30.0, 0.0, 255, 0, 0
L 60.0, -80.0, 0.0, 60.0, -60.0, 0.0, 255, 0, 0
L 60.0, -60.0, 0.0, 60.0, -40.0, 0.0, 255, 0, 0
L 40.0, -60.0, 0.0, 60.0, -60.0, 0.0, 255, 0, 0
L 60.0, -60.0, 0.0, 80.0, -60.0, 0.0, 255, 0, 0
L 599.0, -90.0, 0.0, 637.3, -90.0, 0.0, 255, 0, 0
L 599.0, -20.0, 0.0, 637.3, -20.0, 0.0, 255, 0, 0
L 599.0, -90.0, 0.0, 599.0, -20.0, 0.0, 255, 0, 0
L 637.3, -90.0, 0.0, 637.3, -20.0, 0.0, 255, 0, 0
L 1000, 2200, 0, 1000, 2260, 0, 0, 0, 0
L 1040, 2260, 0, 1000, 2260, 0, 0, 0, 0
L 1060, 2230, 0, 1090, 2230, 0, 0, 0, 0
L 1060, 2260, 0, 1090, 2260, 0, 0, 0, 0
L 1060, 2200, 0, 1060, 2260, 0, 0, 0, 0
L 1090, 2200, 0, 1060, 2200, 0, 0, 0, 0
L 1140, 2260, 0, 1110, 2260, 0, 0, 0, 0
L 1110, 2200, 0, 1140, 2200, 0, 0, 0, 0
L 1110, 2260, 0, 1110, 2200, 0, 0, 0, 0
L 1140, 2260, 0, 1140, 2230, 0, 0, 0, 0
L 1140, 2230, 0, 1120, 2230, 0, 0, 0, 0
L 1160, 2230, 0, 1190, 2230, 0, 0, 0, 0
L 1160, 2260, 0, 1190, 2260, 0, 0, 0, 0
L 1160, 2200, 0, 1160, 2260, 0, 0, 0, 0
L 1190, 2200, 0, 1160, 2200, 0, 0, 0, 0
L 1240, 2260, 0, 1240, 2200, 0, 0, 0, 0
L 1210, 2200, 0, 1240, 2260, 0, 0, 0, 0
L 1210, 2260, 0, 1210, 2200, 0, 0, 0, 0
L 1270, 2260, 0, 1270, 2200, 0, 0, 0, 0
L 1280, 2260, 0, 1260, 2260, 0, 0, 0, 0
L 1290, 2230, 0, 1280, 2260, 0, 0, 0, 0
L 1280, 2200, 0, 1290, 2230, 0, 0, 0, 0
L 1260, 2200, 0, 1280, 2200, 0, 0, 0, 0
L 1000, 2370, 0, 1060, 2370, 0, 0, 0, 0
L 1000, 2290, 0, 1060, 2290, 0, 0, 0, 0
L 1030, 2343, 0, 1030, 2317, 0, 205, 133, 63
L 1060, 2370, 0, 1120, 2370, 0, 0, 0, 0
L 1060, 2370, 0, 1060, 2343, 0, 205, 133, 63
L 1030, 2343, 0, 1090, 2343, 0, 205, 133, 63
L 1030, 2317, 0, 1060, 2317, 0, 205, 133, 63
L 1060, 2317, 0, 1090, 2317, 0, 205, 133, 63
L 1060, 2290, 0, 1120, 2290, 0, 0, 0, 0
L 1060, 2317, 0, 1060, 2290, 0, 205, 133, 63
L 1090, 2343, 0, 1090, 2317, 0, 205, 133, 63
L 1170, 2360, 0, 1170, 2300, 0, 0, 0, 0
L 1180, 2360, 0, 1160, 2360, 0, 0, 0, 0
L 1190, 2330, 0, 1180, 2360, 0, 0, 0, 0
L 1180, 2300, 0, 1190, 2330, 0, 0, 0, 0
L 1160, 2300, 0, 1180, 2300, 0, 0, 0, 0
L 1210, 2300, 0, 1240, 2300, 0, 0, 0, 0
L 1210, 2360, 0, 1240, 2360, 0, 0, 0, 0
L 1210, 2300, 0, 1210, 2360, 0, 0, 0, 0
L 1240, 2300, 0, 1240, 2360, 0, 0, 0, 0
L 1260, 2300, 0, 1290, 2300, 0, 0, 0, 0
L 1260, 2360, 0, 1290, 2360, 0, 0, 0, 0
L 1260, 2300, 0, 1260, 2360, 0, 0, 0, 0
L 1290, 2300, 0, 1290, 2360, 0, 0, 0, 0
L 1310, 2300, 0, 1310, 2330, 0, 0, 0, 0
L 1310, 2330, 0, 1310, 2360, 0, 0, 0, 0
L 1310, 2330, 0, 1330, 2330, 0, 0, 0, 0
L 1350, 2330, 0, 1350, 2300, 0, 0, 0, 0
L 1310, 2300, 0, 1350, 2300, 0, 0, 0, 0
L 1330, 2330, 0, 1350, 2330, 0, 0, 0, 0
L 1350, 2360, 0, 1330, 2330, 0, 0, 0, 0
L 1000, 2410, 0, 1000, 2440, 0, 255, 210, 0
L 1000, 2410, 0, 1020, 2410, 0, 255, 210, 0
L 1020, 2470, 0, 1000, 2470, 0, 255, 210, 0
L 1000, 2440, 0, 1000, 2470, 0, 255, 210, 0
L 1020, 2440, 0, 1000, 2440, 0, 255, 210, 0
L 1020, 2440, 0, 1040, 2425, 0, 255, 210, 0
L 1020, 2410, 0, 1040, 2425, 0, 255, 210, 0
L 1020, 2440, 0, 1040, 2455, 0, 255, 210, 0
L 1040, 2455, 0, 1020, 2470, 0, 255, 210, 0
L 1070, 2440, 0, 1090, 2440, 0, 255, 210, 0
L 1080, 2410, 0, 1100, 2470, 0, 255, 210, 0
L 1060, 2470, 0, 1080, 2410, 0, 255, 210, 0
L 1150, 2470, 0, 1150, 2410, 0, 255, 210, 0
L 1120, 2410, 0, 1150, 2470, 0, 255, 210, 0
L 1120, 2470, 0, 1120, 2410, 0, 255, 210, 0
L 1170, 2410, 0, 1170, 2440, 0, 255, 210, 0
L 1170, 2440, 0, 1170, 2470, 0, 255, 210, 0
L 1170, 2440, 0, 1210, 2470, 0, 255, 210, 0
L 1170, 2440, 0, 1210, 2410, 0, 255, 210, 0
L 1230, 2440, 0, 1260, 2440, 0, 255, 210, 0
L 1230, 2470, 0, 1260, 2470, 0, 255, 210, 0
L 1230, 2410, 0, 1230, 2470, 0, 255, 210, 0
L 1260, 2410, 0, 1230, 2410, 0, 255, 210, 0
L 1280, 2410, 0, 1280, 2440, 0, 255, 210, 0
L 1280, 2440, 0, 1280, 2470, 0, 255, 210, 0
L 1280, 2440, 0, 1300, 2440, 0, 255, 210, 0
L 1320, 2440, 0, 1320, 2410, 0, 255, 210, 0
L 1280, 2410, 0, 1320, 2410, 0, 255, 210, 0
L 1300, 2440, 0, 1320, 2440, 0, 255, 210, 0
L 1320, 2470, 0, 1300, 2440, 0, 255, 210, 0
L 1030, 2560, 0, 1000, 2560, 0, 255, 255, 255
L 1000, 2500, 0, 1030, 2500, 0, 255, 255, 255
L 1000, 2560, 0, 1000, 2500, 0, 255, 255, 255
L 1050, 2500, 0, 1080, 2500, 0, 255, 255, 255
L 1050, 2560, 0, 1080, 2560, 0, 255, 255, 255
L 1050, 2500, 0, 1050, 2560, 0, 255, 255, 255
L 1080, 2500, 0, 1080, 2560, 0, 255, 255, 255
L 1140, 2500, 0, 1140, 2560, 0, 255, 255, 255
L 1120, 2530, 0, 1140, 2500, 0, 255, 255, 255
L 1100, 2500, 0, 1120, 2530, 0, 255, 255, 255
L 1100, 2560, 0, 1100, 2500, 0, 255, 255, 255
L 1200, 2500, 0, 1200, 2560, 0, 255, 255, 255
L 1180, 2530, 0, 1200, 2500, 0, 255, 255, 255
L 1160, 2500, 0, 1180, 2530, 0, 255, 255, 255
L 1160, 2560, 0, 1160, 2500, 0, 255, 255, 255
L 1220, 2530, 0, 1250, 2530, 0, 255, 255, 255
L 1220, 2560, 0, 1250, 2560, 0, 255, 255, 255
L 1220, 2500, 0, 1220, 2560, 0, 255, 255, 255
L 1250, 2500, 0, 1220, 2500, 0, 255, 255, 255
L 1300, 2560, 0, 1300, 2500, 0, 255, 255, 255
L 1270, 2500, 0, 1300, 2560, 0, 255, 255, 255
L 1270, 2560, 0, 1270, 2500, 0, 255, 255, 255
L 1340, 2500, 0, 1340, 2560, 0, 255, 255, 255
L 1320, 2500, 0, 1360, 2500, 0, 255, 255, 255
L 1030, 2650, 0, 1000, 2650, 0, 0, 0, 0
L 1000, 2590, 0, 1030, 2590, 0, 0, 0, 0
L 1000, 2650, 0, 1000, 2590, 0, 0, 0, 0
L 1030, 2650, 0, 1030, 2620, 0, 0, 0, 0
L 1030, 2620, 0, 1010, 2620, 0, 0, 0, 0
L 1050, 2620, 0, 1080, 2620, 0, 0, 0, 0
L 1050, 2650, 0, 1080, 2650, 0, 0, 0, 0
L 1050, 2590, 0, 1050, 2650, 0, 0, 0, 0
L 1080, 2590, 0, 1050, 2590, 0, 0, 0, 0
L 1130, 2650, 0, 1130, 2590, 0, 0, 0, 0
L 1100, 2590, 0, 1130, 2650, 0, 0, 0, 0
L 1100, 2650, 0, 1100, 2590, 0, 0, 0, 0
L 1150, 2620, 0, 1180, 2620, 0, 0, 0, 0
L 1150, 2650, 0, 1180, 2650, 0, 0, 0, 0
L 1150, 2590, 0, 1150, 2650, 0, 0, 0, 0
L 1180, 2590, 0, 1150, 2590, 0, 0, 0, 0
L 1200, 2590, 0, 1200, 2620, 0, 0, 0, 0
L 1200, 2620, 0, 1200, 2650, 0, 0, 0, 0
L 1200, 2620, 0, 1220, 2620, 0, 0, 0, 0
L 1240, 2620, 0, 1240, 2590, 0, 0, 0, 0
L 1200, 2590, 0, 1240, 2590, 0, 0, 0, 0
L 1220, 2620, 0, 1240, 2620, 0, 0, 0, 0
L 1240, 2650, 0, 1220, 2620, 0, 0, 0, 0
L 1270, 2620, 0, 1290, 2620, 0, 0, 0, 0
L 1280, 2590, 0, 1300, 2650, 0, 0, 0, 0
L 1260, 2650, 0, 1280, 2590, 0, 0, 0, 0
L 1320, 2590, 0, 1320, 2650, 0, 0, 0, 0
L 1360, 2650, 0, 1320, 2650, 0, 0, 0, 0
L 1030, 2740, 0, 1000, 2740, 0, 0, 0, 255
L 1000, 2680, 0, 1030, 2680, 0, 0, 0, 255
L 1000, 2740, 0, 1000, 2680, 0, 0, 0, 255
L 1030, 2740, 0, 1030, 2710, 0, 0, 0, 255
L 1030, 2710, 0, 1010, 2710, 0, 0, 0, 255
L 1050, 2680, 0, 1050, 2710, 0, 0, 0, 255
L 1050, 2710, 0, 1050, 2740, 0, 0, 0, 255
L 1050, 2710, 0, 1070, 2710, 0, 0, 0, 255
L 1090, 2710, 0, 1090, 2680, 0, 0, 0, 255
L 1050, 2680, 0, 1090, 2680, 0, 0, 0, 255
L 1070, 2710, 0, 1090, 2710, 0, 0, 0, 255
L 1090, 2740, 0, 1070, 2710, 0, 0, 0, 255
L 1110, 2680, 0, 1140, 2680, 0, 0, 0, 255
L 1110, 2740, 0, 1140, 2740, 0, 0, 0, 255
L 1110, 2680, 0, 1110, 2740, 0, 0, 0, 255
L 1140, 2680, 0, 1140, 2740, 0, 0, 0, 255
L 1200, 2680, 0, 1200, 2740, 0, 0, 0, 255
L 1160, 2680, 0, 1160, 2740, 0, 0, 0, 255
L 1160, 2740, 0, 1200, 2740, 0, 0, 0, 255
L 1250, 2740, 0, 1250, 2680, 0, 0, 0, 255
L 1220, 2680, 0, 1250, 2740, 0, 0, 0, 255
L 1220, 2740, 0, 1220, 2680, 0, 0, 0, 255
L 1280, 2740, 0, 1280, 2680, 0, 0, 0, 255
L 1290, 2740, 0, 1270, 2740, 0, 0, 0, 255
L 1300, 2710, 0, 1290, 2740, 0, 0, 0, 255
L 1290, 2680, 0, 1300, 2710, 0, 0, 0, 255
L 1270, 2680, 0, 1290, 2680, 0, 0, 0, 255
L 1380, 2680, 0, 1380, 2710, 0, 0, 0, 255
L 1380, 2740, 0, 1420, 2740, 0, 0, 0, 255
L 1420, 2710, 0, 1380, 2710, 0, 0, 0, 255
L 1380, 2680, 0, 1420, 2680, 0, 0, 0, 255
L 1420, 2710, 0, 1420, 2740, 0, 0, 0, 255
L 1470, 2710, 0, 1440, 2710, 0, 0, 0, 255
L 1470, 2680, 0, 1470, 2710, 0, 0, 0, 255
L 1440, 2680, 0, 1470, 2680, 0, 0, 0, 255
L 1440, 2740, 0, 1440, 2680, 0, 0, 0, 255
L 1500, 2710, 0, 1520, 2710, 0, 0, 0, 255
L 1510, 2680, 0, 1530, 2740, 0, 0, 0, 255
L 1490, 2740, 0, 1510, 2680, 0, 0, 0, 255
L 1580, 2740, 0, 1590, 2680, 0, 0, 0, 255
L 1570, 2710, 0, 1580, 2740, 0, 0, 0, 255
L 1560, 2740, 0, 1570, 2710, 0, 0, 0, 255
L 1550, 2680, 0, 1560, 2740, 0, 0, 0, 255
L 1640, 2740, 0, 1640, 2680, 0, 0, 0, 255
L 1610, 2680, 0, 1640, 2740, 0, 0, 0, 255
L 1610, 2740, 0, 1610, 2680, 0, 0, 0, 255
L 1030, 2830, 0, 1000, 2830, 0, 128, 128, 128
L 1000, 2770, 0, 1030, 2770, 0, 128, 128, 128
L 1000, 2830, 0, 1000, 2770, 0, 128, 128, 128
L 1030, 2830, 0, 1030, 2800, 0, 128, 128, 128
L 1030, 2800, 0, 1010, 2800, 0, 128, 128, 128
L 1090, 2770, 0, 1090, 2830, 0, 128, 128, 128
L 1050, 2770, 0, 1050, 2830, 0, 128, 128, 128
L 1050, 2830, 0, 1090, 2830, 0, 128, 128, 128
L 1110, 2770, 0, 1110, 2830, 0, 128, 128, 128
L 1130, 2770, 0, 1130, 2830, 0, 128, 128, 128
L 1170, 2830, 0, 1130, 2830, 0, 128, 128, 128
L 1200, 2830, 0, 1200, 2770, 0, 128, 128, 128
L 1210, 2830, 0, 1190, 2830, 0, 128, 128, 128
L 1220, 2800, 0, 1210, 2830, 0, 128, 128, 128
L 1210, 2770, 0, 1220, 2800, 0, 128, 128, 128
L 1190, 2770, 0, 1210, 2770, 0, 128, 128, 128
L 1340, 2770, 0, 1340, 2830, 0, 128, 128, 128
L 1320, 2800, 0, 1340, 2770, 0, 128, 128, 128
L 1300, 2770, 0, 1320, 2800, 0, 128, 128, 128
L 1300, 2830, 0, 1300, 2770, 0, 128, 128, 128
L 1370, 2800, 0, 1390, 2800, 0, 128, 128, 128
L 1380, 2770, 0, 1400, 2830, 0, 128, 128, 128
L 1360, 2830, 0, 1380, 2770, 0, 128, 128, 128
L 1420, 2770, 0, 1420, 2800, 0, 128, 128, 128
L 1420, 2830, 0, 1460, 2830, 0, 128, 128, 128
L 1460, 2800, 0, 1420, 2800, 0, 128, 128, 128
L 1420, 2770, 0, 1460, 2770, 0, 128, 128, 128
L 1460, 2800, 0, 1460, 2830, 0, 128, 128, 128
L 1500, 2770, 0, 1500, 2830, 0, 128, 128, 128
L 1480, 2770, 0, 1520, 2770, 0, 128, 128, 128
L 1540, 2800, 0, 1570, 2800, 0, 128, 128, 128
L 1540, 2830, 0, 1570, 2830, 0, 128, 128, 128
L 1540, 2770, 0, 1540, 2830, 0, 128, 128, 128
L 1570, 2770, 0, 1540, 2770, 0, 128, 128, 128
L 1590, 2770, 0, 1590, 2800, 0, 128, 128, 128
L 1590, 2800, 0, 1590, 2830, 0, 128, 128, 128
L 1590, 2800, 0, 1610, 2800, 0, 128, 128, 128
L 1630, 2800, 0, 1630, 2770, 0, 128, 128, 128
L 1590, 2770, 0, 1630, 2770, 0, 128, 128, 128
L 1610, 2800, 0, 1630, 2800, 0, 128, 128, 128
L 1630, 2830, 0, 1610, 2800, 0, 128, 128, 128
L 1000, 2860, 0, 1000, 2890, 0, 127, 64, 0
L 1040, 2920, 0, 1040, 2890, 0, 127, 64, 0
L 1000, 2890, 0, 1000, 2920, 0, 127, 64, 0
L 1040, 2890, 0, 1040, 2860, 0, 127, 64, 0
L 1000, 2890, 0, 1040, 2890, 0, 127, 64, 0
L 1100, 2860, 0, 1100, 2920, 0, 127, 64, 0
L 1060, 2860, 0, 1060, 2920, 0, 127, 64, 0
L 1060, 2920, 0, 1100, 2920, 0, 127, 64, 0
L 1150, 2920, 0, 1150, 2860, 0, 127, 64, 0
L 1120, 2860, 0, 1150, 2920, 0, 127, 64, 0
L 1120, 2920, 0, 1120, 2860, 0, 127, 64, 0
L 1190, 2860, 0, 1190, 2920, 0, 127, 64, 0
L 1170, 2860, 0, 1210, 2860, 0, 127, 64, 0
L 1230, 2890, 0, 1260, 2890, 0, 127, 64, 0
L 1230, 2920, 0, 1260, 2920, 0, 127, 64, 0
L 1230, 2860, 0, 1230, 2920, 0, 127, 64, 0
L 1260, 2860, 0, 1230, 2860, 0, 127, 64, 0
L 1280, 2860, 0, 1280, 2890, 0, 127, 64, 0
L 1280, 2890, 0, 1280, 2920, 0, 127, 64, 0
L 1280, 2890, 0, 1300, 2890, 0, 127, 64, 0
L 1320, 2890, 0, 1320, 2860, 0, 127, 64, 0
L 1280, 2860, 0, 1320, 2860, 0, 127, 64, 0
L 1300, 2890, 0, 1320, 2890, 0, 127, 64, 0
L 1320, 2920, 0, 1300, 2890, 0, 127, 64, 0
L 1040, 2950, 0, 1040, 3010, 0, 0, 127, 0
L 1020, 2980, 0, 1040, 2950, 0, 0, 127, 0
L 1000, 2950, 0, 1020, 2980, 0, 0, 127, 0
L 1000, 3010, 0, 1000, 2950, 0, 0, 127, 0
L 1060, 2980, 0, 1090, 2980, 0, 0, 127, 0
L 1060, 3010, 0, 1090, 3010, 0, 0, 127, 0
L 1060, 2950, 0, 1060, 3010, 0, 0, 127, 0
L 1090, 2950, 0, 1060, 2950, 0, 0, 127, 0
L 1110, 2950, 0, 1110, 2980, 0, 0, 127, 0
L 1110, 2980, 0, 1110, 3010, 0, 0, 127, 0
L 1110, 2980, 0, 1130, 2980, 0, 0, 127, 0
L 1150, 2980, 0, 1150, 2950, 0, 0, 127, 0
L 1110, 2950, 0, 1150, 2950, 0, 0, 127, 0
L 1130, 2980, 0, 1150, 2980, 0, 0, 127, 0
L 1150, 3010, 0, 1130, 2980, 0, 0, 127, 0
L 1200, 3010, 0, 1170, 3010, 0, 0, 127, 0
L 1170, 2950, 0, 1200, 2950, 0, 0, 127, 0
L 1170, 3010, 0, 1170, 2950, 0, 0, 127, 0
L 1220, 2950, 0, 1220, 2980, 0, 0, 127, 0
L 1260, 3010, 0, 1260, 2980, 0, 0, 127, 0
L 1220, 2980, 0, 1220, 3010, 0, 0, 127, 0
L 1260, 2980, 0, 1260, 2950, 0, 0, 127, 0
L 1220, 2980, 0, 1260, 2980, 0, 0, 127, 0
L 1290, 2980, 0, 1310, 2980, 0, 0, 127, 0
L 1300, 2950, 0, 1320, 3010, 0, 0, 127, 0
L 1280, 3010, 0, 1300, 2950, 0, 0, 127, 0
L 1370, 3010, 0, 1370, 2950, 0, 0, 127, 0
L 1340, 2950, 0, 1370, 3010, 0, 0, 127, 0
L 1340, 3010, 0, 1340, 2950, 0, 0, 127, 0
L 1410, 2950, 0, 1410, 3010, 0, 0, 127, 0
L 1390, 2950, 0, 1430, 2950, 0, 0, 127, 0
L 1040, 3040, 0, 1040, 3100, 0, 0, 127, 127
L 1020, 3070, 0, 1040, 3040, 0, 0, 127, 127
L 1000, 3040, 0, 1020, 3070, 0, 0, 127, 127
L 1000, 3100, 0, 1000, 3040, 0, 0, 127, 127
L 1060, 3040, 0, 1060, 3100, 0, 0, 127, 127
L 1080, 3040, 0, 1080, 3070, 0, 0, 127, 127
L 1080, 3100, 0, 1120, 3100, 0, 0, 127, 127
L 1120, 3070, 0, 1080, 3070, 0, 0, 127, 127
L 1080, 3040, 0, 1120, 3040, 0, 0, 127, 127
L 1120, 3070, 0, 1120, 3100, 0, 0, 127, 127
L 1140, 3040, 0, 1140, 3070, 0, 0, 127, 127
L 1140, 3100, 0, 1180, 3100, 0, 0, 127, 127
L 1180, 3070, 0, 1140, 3070, 0, 0, 127, 127
L 1140, 3040, 0, 1180, 3040, 0, 0, 127, 127
L 1180, 3070, 0, 1180, 3100, 0, 0, 127, 127
L 1200, 3040, 0, 1200, 3100, 0, 0, 127, 127
L 1220, 3040, 0, 1250, 3040, 0, 0, 127, 127
L 1220, 3100, 0, 1250, 3100, 0, 0, 127, 127
L 1220, 3040, 0, 1220, 3100, 0, 0, 127, 127
L 1250, 3040, 0, 1250, 3100, 0, 0, 127, 127
L 1300, 3100, 0, 1300, 3040, 0, 0, 127, 127
L 1270, 3040, 0, 1300, 3100, 0, 0, 127, 127
L 1270, 3100, 0, 1270, 3040, 0, 0, 127, 127
L 1030, 3190, 0, 1030, 3130, 0, 127, 64, 0
L 1000, 3130, 0, 1030, 3190, 0, 127, 64, 0
L 1000, 3190, 0, 1000, 3130, 0, 127, 64, 0
L 1060, 3160, 0, 1080, 3160, 0, 127, 64, 0
L 1070, 3130, 0, 1090, 3190, 0, 127, 64, 0
L 1050, 3190, 0, 1070, 3130, 0, 127, 64, 0
L 1150, 3130, 0, 1150, 3190, 0, 127, 64, 0
L 1130, 3160, 0, 1150, 3130, 0, 127, 64, 0
L 1110, 3130, 0, 1130, 3160, 0, 127, 64, 0
L 1110, 3190, 0, 1110, 3130, 0, 127, 64, 0
L 1170, 3160, 0, 1200, 3160, 0, 127, 64, 0
L 1170, 3190, 0, 1200, 3190, 0, 127, 64, 0
L 1170, 3130, 0, 1170, 3190, 0, 127, 64, 0
L 1200, 3130, 0, 1170, 3130, 0, 127, 64, 0
L 1230, 3190, 0, 1230, 3130, 0, 127, 64, 0
L 1240, 3190, 0, 1220, 3190, 0, 127, 64, 0
L 1250, 3160, 0, 1240, 3190, 0, 127, 64, 0
L 1240, 3130, 0, 1250, 3160, 0, 127, 64, 0
L 1220, 3130, 0, 1240, 3130, 0, 127, 64, 0
L 1030, 3250, 0, 1000, 3250, 0, 0, 255, 0
L 1030, 3220, 0, 1030, 3250, 0, 0, 255, 0
L 1000, 3220, 0, 1030, 3220, 0, 0, 255, 0
L 1000, 3280, 0, 1000, 3220, 0, 0, 255, 0
L 1060, 3250, 0, 1080, 3250, 0, 0, 255, 0
L 1070, 3220, 0, 1090, 3280, 0, 0, 255, 0
L 1050, 3280, 0, 1070, 3220, 0, 0, 255, 0
L 1110, 3220, 0, 1110, 3250, 0, 0, 255, 0
L 1110, 3250, 0, 1110, 3280, 0, 0, 255, 0
L 1110, 3250, 0, 1130, 3250, 0, 0, 255, 0
L 1150, 3250, 0, 1150, 3220, 0, 0, 255, 0
L 1110, 3220, 0, 1150, 3220, 0, 0, 255, 0
L 1130, 3250, 0, 1150, 3250, 0, 0, 255, 0
L 1150, 3280, 0, 1130, 3250, 0, 0, 255, 0
L 1200, 3280, 0, 1170, 3280, 0, 0, 255, 0
L 1170, 3220, 0, 1200, 3220, 0, 0, 255, 0
L 1170, 3280, 0, 1170, 3220, 0, 0, 255, 0
L 1220, 3250, 0, 1250, 3250, 0, 0, 255, 0
L 1220, 3280, 0, 1250, 3280, 0, 0, 255, 0
L 1220, 3220, 0, 1220, 3280, 0, 0, 255, 0
L 1250, 3220, 0, 1220, 3220, 0, 0, 255, 0
L 1270, 3220, 0, 1270, 3280, 0, 0, 255, 0
L 1310, 3280, 0, 1270, 3280, 0, 0, 255, 0
L 1330, 3220, 0, 1330, 3250, 0, 0, 255, 0
L 1330, 3280, 0, 1370, 3280, 0, 0, 255, 0
L 1370, 3250, 0, 1330, 3250, 0, 0, 255, 0
L 1330, 3220, 0, 1370, 3220, 0, 0, 255, 0
L 1370, 3250, 0, 1370, 3280, 0, 0, 255, 0
L 1000, 3310, 0, 1000, 3340, 0, 0, 240, 240
L 1000, 3340, 0, 1000, 3370, 0, 0, 240, 240
L 1000, 3340, 0, 1020, 3340, 0, 0, 240, 240
L 1040, 3340, 0, 1040, 3310, 0, 0, 240, 240
L 1000, 3310, 0, 1040, 3310, 0, 0, 240, 240
L 1020, 3340, 0, 1040, 3340, 0, 0, 240, 240
L 1040, 3370, 0, 1020, 3340, 0, 0, 240, 240
L 1070, 3340, 0, 1090, 3340, 0, 0, 240, 240
L 1080, 3310, 0, 1100, 3370, 0, 0, 240, 240
L 1060, 3370, 0, 1080, 3310, 0, 0, 240, 240
L 1120, 3310, 0, 1120, 3370, 0, 0, 240, 240
L 1150, 3370, 0, 1150, 3310, 0, 0, 240, 240
L 1160, 3370, 0, 1140, 3370, 0, 0, 240, 240
L 1170, 3340, 0, 1160, 3370, 0, 0, 240, 240
L 1160, 3310, 0, 1170, 3340, 0, 0, 240, 240
L 1140, 3310, 0, 1160, 3310, 0, 0, 240, 240
L 1000, 3400, 0, 1000, 3430, 0, 0, 255, 0
L 1000, 3460, 0, 1040, 3460, 0, 0, 255, 0
L 1040, 3430, 0, 1000, 3430, 0, 0, 255, 0
L 1000, 3400, 0, 1040, 3400, 0, 0, 255, 0
L 1040, 3430, 0, 1040, 3460, 0, 0, 255, 0
L 1090, 3430, 0, 1060, 3430, 0, 0, 255, 0
L 1090, 3400, 0, 1090, 3430, 0, 0, 255, 0
L 1060, 3400, 0, 1090, 3400, 0, 0, 255, 0
L 1060, 3460, 0, 1060, 3400, 0, 0, 255, 0
L 1110, 3430, 0, 1140, 3430, 0, 0, 255, 0
L 1110, 3460, 0, 1140, 3460, 0, 0, 255, 0
L 1110, 3400, 0, 1110, 3460, 0, 0, 255, 0
L 1140, 3400, 0, 1110, 3400, 0, 0, 255, 0
L 1190, 3460, 0, 1160, 3460, 0, 0, 255, 0
L 1160, 3400, 0, 1190, 3400, 0, 0, 255, 0
L 1160, 3460, 0, 1160, 3400, 0, 0, 255, 0
L 1210, 3400, 0, 1210, 3460, 0, 0, 255, 0
L 1240, 3430, 0, 1260, 3430, 0, 0, 255, 0
L 1250, 3400, 0, 1270, 3460, 0, 0, 255, 0
L 1230, 3460, 0, 1250, 3400, 0, 0, 255, 0
L 1290, 3400, 0, 1290, 3460, 0, 0, 255, 0
L 1330, 3460, 0, 1290, 3460, 0, 0, 255, 0
L 1440, 3460, 0, 1410, 3460, 0, 0, 255, 0
L 1410, 3400, 0, 1440, 3400, 0, 0, 255, 0
L 1410, 3460, 0, 1410, 3400, 0, 0, 255, 0
L 1500, 3400, 0, 1500, 3460, 0, 0, 255, 0
L 1460, 3400, 0, 1460, 3460, 0, 0, 255, 0
L 1460, 3460, 0, 1500, 3460, 0, 0, 255, 0
L 1520, 3400, 0, 1520, 3430, 0, 0, 255, 0
L 1520, 3430, 0, 1520, 3460, 0, 0, 255, 0
L 1520, 3430, 0, 1540, 3430, 0, 0, 255, 0
L 1560, 3430, 0, 1560, 3400, 0, 0, 255, 0
L 1520, 3400, 0, 1560, 3400, 0, 0, 255, 0
L 1540, 3430, 0, 1560, 3430, 0, 0, 255, 0
L 1560, 3460, 0, 1540, 3430, 0, 0, 255, 0
L 1580, 3400, 0, 1580, 3430, 0, 0, 255, 0
L 1580, 3430, 0, 1580, 3460, 0, 0, 255, 0
L 1580, 3430, 0, 1600, 3430, 0, 0, 255, 0
L 1620, 3430, 0, 1620, 3400, 0, 0, 255, 0
L 1580, 3400, 0, 1620, 3400, 0, 0, 255, 0
L 1600, 3430, 0, 1620, 3430, 0, 0, 255, 0
L 1620, 3460, 0, 1600, 3430, 0, 0, 255, 0
L 1640, 3430, 0, 1670, 3430, 0, 0, 255, 0
L 1640, 3460, 0, 1670, 3460, 0, 0, 255, 0
L 1640, 3400, 0, 1640, 3460, 0, 0, 255, 0
L 1670, 3400, 0, 1640, 3400, 0, 0, 255, 0
L 1720, 3460, 0, 1720, 3400, 0, 0, 255, 0
L 1690, 3400, 0, 1720, 3460, 0, 0, 255, 0
L 1690, 3460, 0, 1690, 3400, 0, 0, 255, 0
L 1770, 3460, 0, 1740, 3460, 0, 0, 255, 0
L 1740, 3400, 0, 1770, 3400, 0, 0, 255, 0
L 1740, 3460, 0, 1740, 3400, 0, 0, 255, 0
L 1810, 3430, 0, 1810, 3460, 0, 0, 255, 0
L 1810, 3430, 0, 1830, 3400, 0, 0, 255, 0
L 1790, 3400, 0, 1810, 3430, 0, 0, 255, 0
L 1000, 3490, 0, 1000, 3520, 0, 255, 0, 0
L 1000, 3550, 0, 1040, 3550, 0, 255, 0, 0
L 1040, 3520, 0, 1000, 3520, 0, 255, 0, 0
L 1000, 3490, 0, 1040, 3490, 0, 255, 0, 0
L 1040, 3520, 0, 1040, 3550, 0, 255, 0, 0
L 1100, 3490, 0, 1100, 3550, 0, 255, 0, 0
L 1060, 3490, 0, 1060, 3550, 0, 255, 0, 0
L 1060, 3550, 0, 1100, 3550, 0, 255, 0, 0
L 1150, 3550, 0, 1120, 3550, 0, 255, 0, 0
L 1120, 3490, 0, 1150, 3490, 0, 255, 0, 0
L 1120, 3550, 0, 1120, 3490, 0, 255, 0, 0
L 1200, 3550, 0, 1170, 3550, 0, 255, 0, 0
L 1170, 3490, 0, 1200, 3490, 0, 255, 0, 0
L 1170, 3550, 0, 1170, 3490, 0, 255, 0, 0
L 1220, 3490, 0, 1250, 3490, 0, 255, 0, 0
L 1220, 3550, 0, 1250, 3550, 0, 255, 0, 0
L 1220, 3490, 0, 1220, 3550, 0, 255, 0, 0
L 1250, 3490, 0, 1250, 3550, 0, 255, 0, 0
L 1270, 3490, 0, 1270, 3520, 0, 255, 0, 0
L 1270, 3520, 0, 1270, 3550, 0, 255, 0, 0
L 1270, 3520, 0, 1290, 3520, 0, 255, 0, 0
L 1310, 3520, 0, 1310, 3490, 0, 255, 0, 0
L 1270, 3490, 0, 1310, 3490, 0, 255, 0, 0
L 1290, 3520, 0, 1310, 3520, 0, 255, 0, 0
L 1310, 3550, 0, 1290, 3520, 0, 255, 0, 0
L 1020, 3580, 0, 1020, 3640, 0, 255, 255, 0
L 1000, 3580, 0, 1040, 3580, 0, 255, 255, 0
L 1060, 3610, 0, 1090, 3610, 0, 255, 255, 0
L 1060, 3640, 0, 1090, 3640, 0, 255, 255, 0
L 1060, 3580, 0, 1060, 3640, 0, 255, 255, 0
L 1090, 3580, 0, 1060, 3580, 0, 255, 255, 0
L 1110, 3580, 0, 1110, 3640, 0, 255, 255, 0
L 1150, 3640, 0, 1110, 3640, 0, 255, 255, 0
L 1170, 3610, 0, 1200, 3610, 0, 255, 255, 0
L 1170, 3640, 0, 1200, 3640, 0, 255, 255, 0
L 1170, 3580, 0, 1170, 3640, 0, 255, 255, 0
L 1200, 3580, 0, 1170, 3580, 0, 255, 255, 0
L 1250, 3610, 0, 1220, 3610, 0, 255, 255, 0
L 1250, 3580, 0, 1250, 3610, 0, 255, 255, 0
L 1220, 3580, 0, 1250, 3580, 0, 255, 255, 0
L 1220, 3640, 0, 1220, 3580, 0, 255, 255, 0
L 1270, 3580, 0, 1300, 3580, 0, 255, 255, 0
L 1270, 3640, 0, 1300, 3640, 0, 255, 255, 0
L 1270, 3580, 0, 1270, 3640, 0, 255, 255, 0
L 1300, 3580, 0, 1300, 3640, 0, 255, 255, 0
L 1320, 3580, 0, 1320, 3610, 0, 255, 255, 0
L 1320, 3610, 0, 1320, 3640, 0, 255, 255, 0
L 1320, 3610, 0, 1340, 3610, 0, 255, 255, 0
L 1360, 3610, 0, 1360, 3580, 0, 255, 255, 0
L 1320, 3580, 0, 1360, 3580, 0, 255, 255, 0
L 1340, 3610, 0, 1360, 3610, 0, 255, 255, 0
L 1360, 3640, 0, 1340, 3610, 0, 255, 255, 0
L 1400, 3580, 0, 1400, 3640, 0, 255, 255, 0
L 1380, 3580, 0, 1420, 3580, 0, 255, 255, 0
L 1020, 3670, 0, 1020, 3730, 0, 128, 0, 128
L 1000, 3670, 0, 1040, 3670, 0, 128, 0, 128
L 1060, 3670, 0, 1060, 3700, 0, 128, 0, 128
L 1060, 3700, 0, 1060, 3730, 0, 128, 0, 128
L 1060, 3700, 0, 1080, 3700, 0, 128, 0, 128
L 1100, 3700, 0, 1100, 3670, 0, 128, 0, 128
L 1060, 3670, 0, 1100, 3670, 0, 128, 0, 128
L 1080, 3700, 0, 1100, 3700, 0, 128, 0, 128
L 1100, 3730, 0, 1080, 3700, 0, 128, 0, 128
L 1130, 3700, 0, 1150, 3700, 0, 128, 0, 128
L 1140, 3670, 0, 1160, 3730, 0, 128, 0, 128
L 1120, 3730, 0, 1140, 3670, 0, 128, 0, 128
L 1190, 3730, 0, 1190, 3670, 0, 128, 0, 128
L 1200, 3730, 0, 1180, 3730, 0, 128, 0, 128
L 1210, 3700, 0, 1200, 3730, 0, 128, 0, 128
L 1200, 3670, 0, 1210, 3700, 0, 128, 0, 128
L 1180, 3670, 0, 1200, 3670, 0, 128, 0, 128
L 1230, 3700, 0, 1260, 3700, 0, 128, 0, 128
L 1230, 3730, 0, 1260, 3730, 0, 128, 0, 128
L 1230, 3670, 0, 1230, 3730, 0, 128, 0, 128
L 1260, 3670, 0, 1230, 3670, 0, 128, 0, 128
L 1280, 3670, 0, 1280, 3700, 0, 128, 0, 128
L 1280, 3730, 0, 1320, 3730, 0, 128, 0, 128
L 1320, 3700, 0, 1280, 3700, 0, 128, 0, 128
L 1280, 3670, 0, 1320, 3670, 0, 128, 0, 128
L 1320, 3700, 0, 1320, 3730, 0, 128, 0, 128
L 1340, 3670, 0, 1340, 3700, 0, 128, 0, 128
L 1340, 3700, 0, 1340, 3730, 0, 128, 0, 128
L 1340, 3700, 0, 1380, 3730, 0, 128, 0, 128
L 1340, 3700, 0, 1380, 3670, 0, 128, 0, 128
L 1400, 3670, 0, 1400, 3730, 0, 128, 0, 128
L 1420, 3670, 0, 1420, 3730, 0, 128, 0, 128
L 1460, 3730, 0, 1420, 3730, 0, 128, 0, 128
L 1480, 3670, 0, 1480, 3730, 0, 128, 0, 128
L 1520, 3730, 0, 1480, 3730, 0, 128, 0, 128
L 1630, 3730, 0, 1600, 3730, 0, 128, 0, 128
L 1600, 3670, 0, 1630, 3670, 0, 128, 0, 128
L 1600, 3730, 0, 1600, 3670, 0, 128, 0, 128
L 1650, 3670, 0, 1680, 3670, 0, 128, 0, 128
L 1650, 3730, 0, 1680, 3730, 0, 128, 0, 128
L 1650, 3670, 0, 1650, 3730, 0, 128, 0, 128
L 1680, 3670, 0, 1680, 3730, 0, 128, 0, 128
L 1730, 3730, 0, 1730, 3670, 0, 128, 0, 128
L 1700, 3670, 0, 1730, 3730, 0, 128, 0, 128
L 1700, 3730, 0, 1700, 3670, 0, 128, 0, 128
L 1770, 3670, 0, 1770, 3730, 0, 128, 0, 128
L 1750, 3670, 0, 1790, 3670, 0, 128, 0, 128
L 1820, 3700, 0, 1840, 3700, 0, 128, 0, 128
L 1830, 3670, 0, 1850, 3730, 0, 128, 0, 128
L 1810, 3730, 0, 1830, 3670, 0, 128, 0, 128
L 1870, 3670, 0, 1870, 3730, 0, 128, 0, 128
L 1920, 3730, 0, 1920, 3670, 0, 128, 0, 128
L 1890, 3670, 0, 1920, 3730, 0, 128, 0, 128
L 1890, 3730, 0, 1890, 3670, 0, 128, 0, 128
L 1940, 3700, 0, 1970, 3700, 0, 128, 0, 128
L 1940, 3730, 0, 1970, 3730, 0, 128, 0, 128
L 1940, 3670, 0, 1940, 3730, 0, 128, 0, 128
L 1970, 3670, 0, 1940, 3670, 0, 128, 0, 128
L 1990, 3670, 0, 1990, 3700, 0, 128, 0, 128
L 1990, 3700, 0, 1990, 3730, 0, 128, 0, 128
L 1990, 3700, 0, 2010, 3700, 0, 128, 0, 128
L 2030, 3700, 0, 2030, 3670, 0, 128, 0, 128
L 1990, 3670, 0, 2030, 3670, 0, 128, 0, 128
L 2010, 3700, 0, 2030, 3700, 0, 128, 0, 128
L 2030, 3730, 0, 2010, 3700, 0, 128, 0, 128
L 1020, 3760, 0, 1020, 3820, 0, 255, 255, 0
L 1000, 3760, 0, 1040, 3760, 0, 255, 255, 0
L 1060, 3760, 0, 1060, 3790, 0, 255, 255, 0
L 1060, 3790, 0, 1060, 3820, 0, 255, 255, 0
L 1060, 3790, 0, 1080, 3790, 0, 255, 255, 0
L 1100, 3790, 0, 1100, 3760, 0, 255, 255, 0
L 1060, 3760, 0, 1100, 3760, 0, 255, 255, 0
L 1080, 3790, 0, 1100, 3790, 0, 255, 255, 0
L 1100, 3820, 0, 1080, 3790, 0, 255, 255, 0
L 1130, 3790, 0, 1150, 3790, 0, 255, 255, 0
L 1140, 3760, 0, 1160, 3820, 0, 255, 255, 0
L 1120, 3820, 0, 1140, 3760, 0, 255, 255, 0
L 1210, 3790, 0, 1180, 3790, 0, 255, 255, 0
L 1210, 3760, 0, 1210, 3790, 0, 255, 255, 0
L 1180, 3760, 0, 1210, 3760, 0, 255, 255, 0
L 1180, 3820, 0, 1180, 3760, 0, 255, 255, 0
L 1030, 3850, 0, 1000, 3850, 0, 255, 0, 0
L 1000, 3910, 0, 1030, 3850, 0, 255, 0, 0
L 1000, 3910, 0, 1030, 3910, 0, 255, 0, 0
L 1050, 3850, 0, 1080, 3850, 0, 255, 0, 0
L 1050, 3910, 0, 1080, 3910, 0, 255, 0, 0
L 1050, 3850, 0, 1050, 3910, 0, 255, 0, 0
L 1080, 3850, 0, 1080, 3910, 0, 255, 0, 0
L 1130, 3910, 0, 1130, 3850, 0, 255, 0, 0
L 1100, 3850, 0, 1130, 3910, 0, 255, 0, 0
L 1100, 3910, 0, 1100, 3850, 0, 255, 0, 0
L 1150, 3880, 0, 1180, 3880, 0, 255, 0, 0
L 1150, 3910, 0, 1180, 3910, 0, 255, 0, 0
L 1150, 3850, 0, 1150, 3910, 0, 255, 0, 0
L 1180, 3850, 0, 1150, 3850, 0, 255, 0, 0
P 0, 2200, 0, 0, 0, 0, 2, Revised_Map:_Brewall_Rainsiger_(Cazic-Thule)
P 0, 2400, 0, 0, 0, 0, 2, http://www.eqmaps.info
P 0, 2600, 0, 0, 0, 0, 2, Return_of_the_Exiled_(www.roteguild.org)
