L 173.0000, 388.0000, 0.0000,  177.0000, 402.0000, 0.0000,  0, 0, 255
L 160.0000, 392.0000, 0.0000,  173.0000, 388.0000, 0.0000,  0, 0, 255
L 141.0000, 392.0000, 0.0000,  160.0000, 392.0000, 0.0000,  0, 0, 255
L 121.0000, 387.0000, 0.0000,  141.0000, 392.0000, 0.0000,  0, 0, 255
L 101.0000, 381.0000, 0.0000,  121.0000, 387.0000, 0.0000,  0, 0, 255
L 79.0000, 364.0000, 0.0000,  101.0000, 381.0000, 0.0000,  0, 0, 255
L 63.0000, 345.0000, 0.0000,  79.0000, 364.0000, 0.0000,  0, 0, 255
L 42.0000, 336.0000, 0.0000,  63.0000, 345.0000, 0.0000,  0, 0, 255
L 20.0000, 341.0000, 0.0000,  42.0000, 336.0000, 0.0000,  0, 0, 255
L 10.0000, 354.0000, 0.0000,  20.0000, 341.0000, 0.0000,  0, 0, 255
L 20.0000, 362.0000, 0.0000,  16.0000, 367.0000, 0.0000,  0, 0, 255
L 43.0000, 357.0000, 0.0000,  20.0000, 362.0000, 0.0000,  0, 0, 255
L 65.0000, 375.0000, 0.0000,  43.0000, 357.0000, 0.0000,  0, 0, 255
L 83.0000, 394.0000, 0.0000,  65.0000, 375.0000, 0.0000,  0, 0, 255
L 100.0000, 401.0000, 0.0000,  83.0000, 394.0000, 0.0000,  0, 0, 255
L 120.0000, 403.0000, 0.0000,  100.0000, 401.0000, 0.0000,  0, 0, 255
L 140.0000, 408.0000, 0.0000,  120.0000, 403.0000, 0.0000,  0, 0, 255
L 160.0000, 408.0000, 0.0000,  140.0000, 408.0000, 0.0000,  0, 0, 255
L 177.0000, 402.0000, 0.0000,  160.0000, 408.0000, 0.0000,  0, 0, 255
L 279.0000, 453.0000, 0.0000,  273.0000, 456.0000, 1.0000,  0, 0, 0
L 275.0000, 445.0000, 1.0000,  279.0000, 453.0000, 0.0000,  0, 0, 0
L 304.0000, 433.0000, -2.0000,  275.0000, 445.0000, 1.0000,  0, 0, 0
L 317.0000, 463.0000, -1.0000,  304.0000, 433.0000, -2.0000,  0, 0, 0
L 289.0000, 476.0000, -1.0000,  317.0000, 463.0000, -1.0000,  0, 0, 0
L 286.0000, 469.0000, -1.0000,  289.0000, 476.0000, -1.0000,  0, 0, 0
L 279.0000, 471.0000, 0.0000,  286.0000, 469.0000, -1.0000,  0, 0, 0
L 285.0000, 484.0000, -1.0000,  279.0000, 471.0000, 0.0000,  0, 0, 0
L 294.0000, 481.0000, -2.0000,  285.0000, 484.0000, -1.0000,  0, 0, 0
L 296.0000, 484.0000, -2.0000,  294.0000, 481.0000, -2.0000,  0, 0, 0
L 318.0000, 474.0000, -2.0000,  296.0000, 484.0000, -2.0000,  0, 0, 0
L 317.0000, 471.0000, -2.0000,  318.0000, 474.0000, -2.0000,  0, 0, 0
L 326.0000, 466.0000, -1.0000,  317.0000, 471.0000, -2.0000,  0, 0, 0
L 306.0000, 424.0000, -3.0000,  326.0000, 466.0000, -1.0000,  0, 0, 0
L 298.0000, 428.0000, -3.0000,  306.0000, 424.0000, -3.0000,  0, 0, 0
L 295.0000, 424.0000, -3.0000,  298.0000, 428.0000, -3.0000,  0, 0, 0
L 274.0000, 433.0000, 1.0000,  295.0000, 424.0000, -3.0000,  0, 0, 0
L 275.0000, 438.0000, 1.0000,  274.0000, 433.0000, 1.0000,  0, 0, 0
L 267.0000, 442.0000, 2.0000,  275.0000, 438.0000, 1.0000,  0, 0, 0
L 273.0000, 456.0000, 1.0000,  267.0000, 442.0000, 2.0000,  0, 0, 0
L -119.0000, -179.0000, 0.0000,  -138.0000, -171.0000, 0.0000,  0, 0, 255
L -80.0000, -179.0000, 0.0000,  -119.0000, -179.0000, 0.0000,  0, 0, 255
L -60.0000, -172.0000, 0.0000,  -80.0000, -179.0000, 0.0000,  0, 0, 255
L -40.0000, -172.0000, 0.0000,  -60.0000, -172.0000, 0.0000,  0, 0, 255
L -20.0000, -164.0000, 0.0000,  -40.0000, -172.0000, 0.0000,  0, 0, 255
L -1.0000, -168.0000, 0.0000,  -20.0000, -164.0000, 0.0000,  0, 0, 255
L 21.0000, -179.0000, 0.0000,  -1.0000, -168.0000, 0.0000,  0, 0, 255
L 41.0000, -183.0000, 0.0000,  21.0000, -179.0000, 0.0000,  0, 0, 255
L 60.0000, -180.0000, 0.0000,  41.0000, -183.0000, 0.0000,  0, 0, 255
L 80.0000, -182.0000, 0.0000,  60.0000, -180.0000, 0.0000,  0, 0, 255
L 98.0000, -181.0000, 0.0000,  80.0000, -182.0000, 0.0000,  0, 0, 255
L 117.0000, -175.0000, 0.0000,  98.0000, -181.0000, 0.0000,  0, 0, 255
L 133.0000, -177.0000, 0.0000,  117.0000, -175.0000, 0.0000,  0, 0, 255
L 156.0000, -181.0000, 0.0000,  133.0000, -177.0000, 0.0000,  0, 0, 255
L 174.0000, -175.0000, 0.0000,  156.0000, -181.0000, 0.0000,  0, 0, 255
L 197.0000, -178.0000, 0.0000,  174.0000, -175.0000, 0.0000,  0, 0, 255
L 216.0000, -185.0000, 0.0000,  197.0000, -178.0000, 0.0000,  0, 0, 255
L 256.0000, -176.0000, 0.0000,  216.0000, -185.0000, 0.0000,  0, 0, 255
L 281.0000, -164.0000, 0.0000,  256.0000, -176.0000, 0.0000,  0, 0, 255
L 304.0000, -141.0000, 0.0000,  281.0000, -164.0000, 0.0000,  0, 0, 255
L 317.0000, -116.0000, 0.0000,  304.0000, -141.0000, 0.0000,  0, 0, 255
L 336.0000, -101.0000, 0.0000,  317.0000, -116.0000, 0.0000,  0, 0, 255
L 360.0000, -99.0000, 0.0000,  336.0000, -101.0000, 0.0000,  0, 0, 255
L 381.0000, -101.0000, 0.0000,  360.0000, -99.0000, 0.0000,  0, 0, 255
L 400.0000, -101.0000, 0.0000,  381.0000, -101.0000, 0.0000,  0, 0, 255
L 419.0000, -91.0000, 0.0000,  400.0000, -101.0000, 0.0000,  0, 0, 255
L 452.0000, -83.0000, 0.0000,  419.0000, -91.0000, 0.0000,  0, 0, 255
L 474.0000, -80.0000, 0.0000,  452.0000, -83.0000, 0.0000,  0, 0, 255
L 495.0000, -62.0000, 0.0000,  474.0000, -80.0000, 0.0000,  0, 0, 255
L 516.0000, -64.0000, 0.0000,  495.0000, -62.0000, 0.0000,  0, 0, 255
L 537.0000, -79.0000, 0.0000,  516.0000, -64.0000, 0.0000,  0, 0, 255
L 546.0000, -99.0000, 0.0000,  537.0000, -79.0000, 0.0000,  0, 0, 255
L 550.0000, -119.0000, 0.0000,  546.0000, -99.0000, 0.0000,  0, 0, 255
L 540.0000, -139.0000, 0.0000,  550.0000, -119.0000, 0.0000,  0, 0, 255
L 531.0000, -160.0000, 0.0000,  540.0000, -139.0000, 0.0000,  0, 0, 255
L 528.0000, -179.0000, 0.0000,  531.0000, -160.0000, 0.0000,  0, 0, 255
L 535.0000, -199.0000, 0.0000,  528.0000, -179.0000, 0.0000,  0, 0, 255
L 544.0000, -221.0000, 0.0000,  535.0000, -199.0000, 0.0000,  0, 0, 255
L 543.0000, -239.0000, 0.0000,  544.0000, -221.0000, 0.0000,  0, 0, 255
L 543.0000, -258.0000, 0.0000,  543.0000, -239.0000, 0.0000,  0, 0, 255
L 555.0000, -277.0000, 0.0000,  543.0000, -258.0000, 0.0000,  0, 0, 255
L 554.0000, -299.0000, 0.0000,  555.0000, -277.0000, 0.0000,  0, 0, 255
L 558.0000, -319.0000, 0.0000,  554.0000, -299.0000, 0.0000,  0, 0, 255
L 554.0000, -338.0000, 0.0000,  558.0000, -319.0000, 0.0000,  0, 0, 255
L 547.0000, -357.0000, 3.0000,  554.0000, -338.0000, 0.0000,  0, 0, 255
L 574.0000, -339.0000, 0.0000,  577.0000, -347.0000, 3.0000,  0, 0, 255
L 579.0000, -319.0000, 0.0000,  574.0000, -339.0000, 0.0000,  0, 0, 255
L 570.0000, -299.0000, 0.0000,  579.0000, -319.0000, 0.0000,  0, 0, 255
L 579.0000, -279.0000, 0.0000,  570.0000, -299.0000, 0.0000,  0, 0, 255
L 573.0000, -253.0000, 0.0000,  579.0000, -279.0000, 0.0000,  0, 0, 255
L 565.0000, -234.0000, 0.0000,  573.0000, -253.0000, 0.0000,  0, 0, 255
L 553.0000, -198.0000, 0.0000,  565.0000, -234.0000, 0.0000,  0, 0, 255
L 548.0000, -179.0000, 0.0000,  553.0000, -198.0000, 0.0000,  0, 0, 255
L 549.0000, -159.0000, 0.0000,  548.0000, -179.0000, 0.0000,  0, 0, 255
L 560.0000, -139.0000, 0.0000,  549.0000, -159.0000, 0.0000,  0, 0, 255
L 570.0000, -119.0000, 0.0000,  560.0000, -139.0000, 0.0000,  0, 0, 255
L 567.0000, -99.0000, 0.0000,  570.0000, -119.0000, 0.0000,  0, 0, 255
L 559.0000, -78.0000, 0.0000,  567.0000, -99.0000, 0.0000,  0, 0, 255
L 541.0000, -59.0000, 0.0000,  559.0000, -78.0000, 0.0000,  0, 0, 255
L 520.0000, -46.0000, 0.0000,  541.0000, -59.0000, 0.0000,  0, 0, 255
L 501.0000, -39.0000, -3.0000,  520.0000, -46.0000, 0.0000,  0, 0, 255
L 506.0000, -19.0000, 0.0000,  501.0000, -39.0000, -3.0000,  0, 0, 255
L 507.0000, 1.0000, 0.0000,  506.0000, -19.0000, 0.0000,  0, 0, 255
L 500.0000, 21.0000, 0.0000,  507.0000, 1.0000, 0.0000,  0, 0, 255
L 506.0000, 41.0000, 0.0000,  500.0000, 21.0000, 0.0000,  0, 0, 255
L 506.0000, 61.0000, 0.0000,  506.0000, 41.0000, 0.0000,  0, 0, 255
L 509.0000, 81.0000, 0.0000,  506.0000, 61.0000, 0.0000,  0, 0, 255
L 500.0000, 102.0000, 0.0000,  509.0000, 81.0000, 0.0000,  0, 0, 255
L 496.0000, 121.0000, 0.0000,  500.0000, 102.0000, 0.0000,  0, 0, 255
L 515.0000, 169.0000, 0.0000,  496.0000, 121.0000, 0.0000,  0, 0, 255
L 533.0000, 188.0000, 0.0000,  515.0000, 169.0000, 0.0000,  0, 0, 255
L 560.0000, 196.0000, 0.0000,  533.0000, 188.0000, 0.0000,  0, 0, 255
L 579.0000, 201.0000, 0.0000,  560.0000, 196.0000, 0.0000,  0, 0, 255
L 600.0000, 207.0000, 0.0000,  579.0000, 201.0000, 0.0000,  0, 0, 255
L 620.0000, 196.0000, 0.0000,  600.0000, 207.0000, 0.0000,  0, 0, 255
L 641.0000, 167.0000, 0.0000,  620.0000, 196.0000, 0.0000,  0, 0, 255
L 669.0000, 148.0000, 0.0000,  641.0000, 167.0000, 0.0000,  0, 0, 255
L 698.0000, 111.0000, 0.0000,  669.0000, 148.0000, 0.0000,  0, 0, 255
L 720.0000, 102.0000, 0.0000,  698.0000, 111.0000, 0.0000,  0, 0, 255
L 740.0000, 100.0000, 0.0000,  720.0000, 102.0000, 0.0000,  0, 0, 255
L 761.0000, 96.0000, 0.0000,  740.0000, 100.0000, 0.0000,  0, 0, 255
L 781.0000, 97.0000, 0.0000,  761.0000, 96.0000, 0.0000,  0, 0, 255
L 811.0000, 88.0000, 0.0000,  781.0000, 97.0000, 0.0000,  0, 0, 255
L 811.0000, 120.0000, 0.0000,  811.0000, 88.0000, 0.0000,  0, 0, 255
L 781.0000, 114.0000, 0.0000,  811.0000, 120.0000, 0.0000,  0, 0, 255
L 760.0000, 114.0000, 0.0000,  781.0000, 114.0000, 0.0000,  0, 0, 255
L 736.0000, 111.0000, 0.0000,  760.0000, 114.0000, 0.0000,  0, 0, 255
L 716.0000, 118.0000, 0.0000,  736.0000, 111.0000, 0.0000,  0, 0, 255
L 700.0000, 141.0000, 0.0000,  716.0000, 118.0000, 0.0000,  0, 0, 255
L 684.0000, 159.0000, 0.0000,  700.0000, 141.0000, 0.0000,  0, 0, 255
L 658.0000, 178.0000, 0.0000,  684.0000, 159.0000, 0.0000,  0, 0, 255
L 634.0000, 200.0000, 0.0000,  658.0000, 178.0000, 0.0000,  0, 0, 255
L 620.0000, 221.0000, 0.0000,  634.0000, 200.0000, 0.0000,  0, 0, 255
L 599.0000, 228.0000, 0.0000,  620.0000, 221.0000, 0.0000,  0, 0, 255
L 580.0000, 222.0000, -2.0000,  599.0000, 228.0000, 0.0000,  0, 0, 255
L 561.0000, 212.0000, -2.0000,  580.0000, 222.0000, -2.0000,  0, 0, 255
L 537.0000, 216.0000, -3.0000,  561.0000, 212.0000, -2.0000,  0, 0, 255
L 516.0000, 238.0000, 0.0000,  537.0000, 216.0000, -3.0000,  0, 0, 255
L 501.0000, 259.0000, 0.0000,  516.0000, 238.0000, 0.0000,  0, 0, 255
L 492.0000, 281.0000, 0.0000,  501.0000, 259.0000, 0.0000,  0, 0, 255
L 489.0000, 300.0000, 0.0000,  492.0000, 281.0000, 0.0000,  0, 0, 255
L 472.0000, 317.0000, 0.0000,  489.0000, 300.0000, 0.0000,  0, 0, 255
L 460.0000, 334.0000, 0.0000,  472.0000, 317.0000, 0.0000,  0, 0, 255
L 440.0000, 348.0000, 0.0000,  460.0000, 334.0000, 0.0000,  0, 0, 255
L 421.0000, 358.0000, 0.0000,  440.0000, 348.0000, 0.0000,  0, 0, 255
L 399.0000, 355.0000, 0.0000,  421.0000, 358.0000, 0.0000,  0, 0, 255
L 379.0000, 357.0000, 0.0000,  399.0000, 355.0000, 0.0000,  0, 0, 255
L 360.0000, 354.0000, 0.0000,  379.0000, 357.0000, 0.0000,  0, 0, 255
L 319.0000, 368.0000, 0.0000,  360.0000, 354.0000, 0.0000,  0, 0, 255
L 300.0000, 371.0000, 0.0000,  319.0000, 368.0000, 0.0000,  0, 0, 255
L 280.0000, 362.0000, 0.0000,  300.0000, 371.0000, 0.0000,  0, 0, 255
L 260.0000, 354.0000, 0.0000,  280.0000, 362.0000, 0.0000,  0, 0, 255
L 241.0000, 362.0000, 0.0000,  260.0000, 354.0000, 0.0000,  0, 0, 255
L 220.0000, 382.0000, 0.0000,  241.0000, 362.0000, 0.0000,  0, 0, 255
L 199.0000, 389.0000, 0.0000,  220.0000, 382.0000, 0.0000,  0, 0, 255
L 186.0000, 397.0000, 0.0000,  199.0000, 389.0000, 0.0000,  0, 0, 255
L 183.0000, 384.0000, 1.0000,  186.0000, 397.0000, 0.0000,  0, 0, 255
L 200.0000, 371.0000, 0.0000,  183.0000, 384.0000, 1.0000,  0, 0, 255
L 218.0000, 352.0000, 0.0000,  200.0000, 371.0000, 0.0000,  0, 0, 255
L 241.0000, 341.0000, 0.0000,  218.0000, 352.0000, 0.0000,  0, 0, 255
L 281.0000, 346.0000, 0.0000,  241.0000, 341.0000, 0.0000,  0, 0, 255
L 300.0000, 347.0000, 0.0000,  281.0000, 346.0000, 0.0000,  0, 0, 255
L 320.0000, 350.0000, 0.0000,  300.0000, 347.0000, 0.0000,  0, 0, 255
L 343.0000, 341.0000, 0.0000,  320.0000, 350.0000, 0.0000,  0, 0, 255
L 380.0000, 342.0000, 0.0000,  343.0000, 341.0000, 0.0000,  0, 0, 255
L 401.0000, 340.0000, 0.0000,  380.0000, 342.0000, 0.0000,  0, 0, 255
L 421.0000, 342.0000, 0.0000,  401.0000, 340.0000, 0.0000,  0, 0, 255
L 447.0000, 326.0000, 0.0000,  421.0000, 342.0000, 0.0000,  0, 0, 255
L 466.0000, 303.0000, 0.0000,  447.0000, 326.0000, 0.0000,  0, 0, 255
L 470.0000, 281.0000, 0.0000,  466.0000, 303.0000, 0.0000,  0, 0, 255
L 480.0000, 261.0000, 0.0000,  470.0000, 281.0000, 0.0000,  0, 0, 255
L 485.0000, 242.0000, 0.0000,  480.0000, 261.0000, 0.0000,  0, 0, 255
L 503.0000, 225.0000, 0.0000,  485.0000, 242.0000, 0.0000,  0, 0, 255
L 518.0000, 203.0000, 0.0000,  503.0000, 225.0000, 0.0000,  0, 0, 255
L 507.0000, 182.0000, 0.0000,  518.0000, 203.0000, 0.0000,  0, 0, 255
L 487.0000, 164.0000, 0.0000,  507.0000, 182.0000, 0.0000,  0, 0, 255
L 483.0000, 143.0000, 0.0000,  487.0000, 164.0000, 0.0000,  0, 0, 255
L 476.0000, 122.0000, 0.0000,  483.0000, 143.0000, 0.0000,  0, 0, 255
L 480.0000, 101.0000, 0.0000,  476.0000, 122.0000, 0.0000,  0, 0, 255
L 492.0000, 81.0000, 0.0000,  480.0000, 101.0000, 0.0000,  0, 0, 255
L 492.0000, 61.0000, 0.0000,  492.0000, 81.0000, 0.0000,  0, 0, 255
L 480.0000, 41.0000, 0.0000,  492.0000, 61.0000, 0.0000,  0, 0, 255
L 474.0000, 22.0000, 0.0000,  480.0000, 41.0000, 0.0000,  0, 0, 255
L 475.0000, 1.0000, 0.0000,  474.0000, 22.0000, 0.0000,  0, 0, 255
L 485.0000, -16.0000, 0.0000,  475.0000, 1.0000, 0.0000,  0, 0, 255
L 481.0000, -39.0000, 0.0000,  485.0000, -16.0000, 0.0000,  0, 0, 255
L 471.0000, -60.0000, 0.0000,  481.0000, -39.0000, 0.0000,  0, 0, 255
L 445.0000, -71.0000, 0.0000,  471.0000, -60.0000, 0.0000,  0, 0, 255
L 423.0000, -75.0000, 0.0000,  445.0000, -71.0000, 0.0000,  0, 0, 255
L 399.0000, -75.0000, 0.0000,  423.0000, -75.0000, 0.0000,  0, 0, 255
L 380.0000, -77.0000, 0.0000,  399.0000, -75.0000, 0.0000,  0, 0, 255
L 360.0000, -85.0000, 0.0000,  380.0000, -77.0000, 0.0000,  0, 0, 255
L 339.0000, -79.0000, 0.0000,  360.0000, -85.0000, 0.0000,  0, 0, 255
L 320.0000, -78.0000, 0.0000,  339.0000, -79.0000, 0.0000,  0, 0, 255
L 300.0000, -98.0000, 0.0000,  320.0000, -78.0000, 0.0000,  0, 0, 255
L 286.0000, -125.0000, 0.0000,  300.0000, -98.0000, 0.0000,  0, 0, 255
L 259.0000, -139.0000, 0.0000,  286.0000, -125.0000, 0.0000,  0, 0, 255
L 240.0000, -158.0000, 0.0000,  259.0000, -139.0000, 0.0000,  0, 0, 255
L 220.0000, -161.0000, 0.0000,  240.0000, -158.0000, 0.0000,  0, 0, 255
L 160.0000, -161.0000, 0.0000,  220.0000, -161.0000, 0.0000,  0, 0, 255
L 140.0000, -157.0000, 0.0000,  160.0000, -161.0000, 0.0000,  0, 0, 255
L 100.0000, -162.0000, 0.0000,  140.0000, -157.0000, 0.0000,  0, 0, 255
L 60.0000, -157.0000, 0.0000,  100.0000, -162.0000, 0.0000,  0, 0, 255
L 40.0000, -161.0000, 0.0000,  60.0000, -157.0000, 0.0000,  0, 0, 255
L 20.0000, -158.0000, 0.0000,  40.0000, -161.0000, 0.0000,  0, 0, 255
L -1.0000, -147.0000, 0.0000,  20.0000, -158.0000, 0.0000,  0, 0, 255
L -20.0000, -144.0000, 0.0000,  -1.0000, -147.0000, 0.0000,  0, 0, 255
L -40.0000, -151.0000, 0.0000,  -20.0000, -144.0000, 0.0000,  0, 0, 255
L -61.0000, -151.0000, 0.0000,  -40.0000, -151.0000, 0.0000,  0, 0, 255
L -80.0000, -158.0000, 0.0000,  -61.0000, -151.0000, 0.0000,  0, 0, 255
L -99.0000, -158.0000, 0.0000,  -80.0000, -158.0000, 0.0000,  0, 0, 255
L -119.0000, -154.0000, 0.0000,  -99.0000, -158.0000, 0.0000,  0, 0, 255
L -136.0000, -133.0000, 0.0000,  -119.0000, -154.0000, 0.0000,  0, 0, 255
L -144.0000, -130.0000, 22.0000,  -136.0000, -133.0000, 0.0000,  0, 0, 255
L 145.0000, 193.0000, 21.0000,  144.0000, 187.0000, 15.0000,  150, 150, 150
L 190.0000, 171.0000, 0.0000,  190.0000, 176.0000, 5.0000,  150, 150, 150
L 799.0000, 366.0000, 0.0000,  837.0000, 365.0000, 0.0000,  0, 0, 0
L 799.0000, 397.0000, 0.0000,  799.0000, 366.0000, 0.0000,  0, 0, 0
L 811.0000, 398.0000, 2.0000,  799.0000, 397.0000, 0.0000,  0, 0, 0
L 810.0000, 442.0000, 0.0000,  811.0000, 398.0000, 2.0000,  0, 0, 0
L 797.0000, 444.0000, 0.0000,  810.0000, 442.0000, 0.0000,  0, 0, 0
L 798.0000, 476.0000, 0.0000,  797.0000, 444.0000, 0.0000,  0, 0, 0
L 811.0000, 475.0000, 0.0000,  798.0000, 476.0000, 0.0000,  0, 0, 0
L 810.0000, 604.0000, 0.0000,  811.0000, 475.0000, 0.0000,  0, 0, 0
L 779.0000, 604.0000, 5.0000,  810.0000, 604.0000, 0.0000,  0, 0, 0
L 778.0000, 588.0000, 5.0000,  779.0000, 604.0000, 5.0000,  0, 0, 0
L 775.0000, 588.0000, 5.0000,  778.0000, 588.0000, 5.0000,  0, 0, 0
L 760.0000, 573.0000, 5.0000,  775.0000, 588.0000, 5.0000,  0, 0, 0
L 705.0000, 573.0000, 5.0000,  760.0000, 573.0000, 5.0000,  0, 0, 0
L 692.0000, 588.0000, 5.0000,  705.0000, 573.0000, 5.0000,  0, 0, 0
L 689.0000, 590.0000, 5.0000,  692.0000, 588.0000, 5.0000,  0, 0, 0
L 689.0000, 604.0000, 5.0000,  689.0000, 590.0000, 5.0000,  0, 0, 0
L 632.0000, 607.0000, 5.0000,  689.0000, 604.0000, 5.0000,  0, 0, 0
L 635.0000, 624.0000, 5.0000,  632.0000, 607.0000, 5.0000,  0, 0, 0
L 635.0000, 721.0000, 5.0000,  635.0000, 624.0000, 5.0000,  0, 0, 0
L 573.0000, 721.0000, 5.0000,  635.0000, 721.0000, 5.0000,  0, 0, 0
L 573.0000, 658.0000, 5.0000,  573.0000, 721.0000, 5.0000,  199, 21, 133
L 573.0000, 624.0000, 5.0000,  573.0000, 658.0000, 5.0000,  0, 0, 0
L 573.0000, 604.0000, 5.0000,  573.0000, 624.0000, 5.0000,  0, 0, 0
L 440.0000, 604.0000, 5.0000,  573.0000, 604.0000, 5.0000,  0, 0, 0
L 439.0000, 588.0000, 5.0000,  440.0000, 604.0000, 5.0000,  0, 0, 0
L 436.0000, 588.0000, 5.0000,  439.0000, 588.0000, 5.0000,  0, 0, 0
L 423.0000, 573.0000, 5.0000,  436.0000, 588.0000, 5.0000,  0, 0, 0
L 367.0000, 573.0000, 5.0000,  423.0000, 573.0000, 5.0000,  0, 0, 0
L 350.0000, 591.0000, 5.0000,  367.0000, 573.0000, 5.0000,  0, 0, 0
L 351.0000, 645.0000, 5.0000,  350.0000, 591.0000, 5.0000,  0, 0, 0
L 354.0000, 645.0000, 5.0000,  351.0000, 645.0000, 5.0000,  0, 0, 0
L 366.0000, 658.0000, 5.0000,  354.0000, 645.0000, 5.0000,  0, 0, 0
L 381.0000, 661.0000, 5.0000,  366.0000, 658.0000, 5.0000,  0, 0, 0
L 381.0000, 685.0000, 5.0000,  381.0000, 661.0000, 5.0000,  0, 0, 0
L 213.0000, 681.0000, 0.0000,  381.0000, 685.0000, 5.0000,  0, 0, 0
L 201.0000, 663.0000, 0.0000,  213.0000, 681.0000, 0.0000,  0, 0, 0
L 188.0000, 670.0000, 1.0000,  201.0000, 663.0000, 0.0000,  0, 0, 0
L 142.0000, 573.0000, 0.0000,  188.0000, 670.0000, 1.0000,  0, 0, 0
L 155.0000, 562.0000, 0.0000,  142.0000, 573.0000, 0.0000,  0, 0, 0
L 139.0000, 535.0000, 0.0000,  155.0000, 562.0000, 0.0000,  0, 0, 0
L 109.0000, 552.0000, 0.0000,  139.0000, 535.0000, 0.0000,  0, 0, 0
L 90.0000, 513.0000, 0.0000,  109.0000, 552.0000, 0.0000,  0, 0, 0
L 77.0000, 519.0000, 0.0000,  90.0000, 513.0000, 0.0000,  0, 0, 0
L 70.0000, 473.0000, 0.0000,  57.0000, 479.0000, 0.0000,  0, 0, 0
L -2.0000, 328.0000, 0.0000,  70.0000, 473.0000, 0.0000,  0, 0, 0
L -15.0000, 334.0000, 0.0000,  -2.0000, 328.0000, 0.0000,  0, 0, 0
L -536.0000, 836.0000, 0.0000,  -524.0000, 829.0000, 0.0000,  0, 0, 0
L -526.0000, 857.0000, 0.0000,  -536.0000, 836.0000, 0.0000,  0, 0, 0
L -582.0000, 885.0000, 0.0000,  -526.0000, 857.0000, 0.0000,  0, 0, 0
L -624.0000, 794.0000, 0.0000,  -582.0000, 885.0000, 0.0000,  199, 21, 133
L -571.0000, 767.0000, 0.0000,  -624.0000, 794.0000, 0.0000,  0, 0, 0
L -556.0000, 796.0000, 0.0000,  -571.0000, 767.0000, 0.0000,  0, 0, 0
L -544.0000, 789.0000, 0.0000,  -556.0000, 796.0000, 0.0000,  0, 0, 0
L -629.0000, 651.0000, 0.0000,  -616.0000, 644.0000, 0.0000,  0, 0, 0
L -618.0000, 672.0000, 0.0000,  -629.0000, 651.0000, 0.0000,  0, 0, 0
L -672.0000, 699.0000, 0.0000,  -618.0000, 672.0000, 0.0000,  0, 0, 0
L -714.0000, 607.0000, 0.0000,  -672.0000, 699.0000, 0.0000,  199, 21, 133
L -663.0000, 582.0000, 0.0000,  -714.0000, 607.0000, 0.0000,  0, 0, 0
L -649.0000, 611.0000, 0.0000,  -663.0000, 582.0000, 0.0000,  0, 0, 0
L -636.0000, 604.0000, 0.0000,  -649.0000, 611.0000, 0.0000,  0, 0, 0
L -482.0000, 694.0000, 33.0000,  -484.0000, 691.0000, 33.0000,  0, 0, 0
L -531.0000, 722.0000, 0.0000,  -524.9000, 718.5000, 4.1000,  0, 0, 0
L -471.0000, 842.0000, 0.0000,  -531.0000, 722.0000, 0.0000,  0, 0, 0
L -508.0000, 860.0000, 0.0000,  -471.0000, 842.0000, 0.0000,  0, 0, 0
L -524.0000, 829.0000, 0.0000,  -508.0000, 860.0000, 0.0000,  0, 0, 0
L -616.0000, 644.0000, 0.0000,  -544.0000, 789.0000, 0.0000,  0, 0, 0
L -655.0000, 566.0000, 0.0000,  -636.0000, 604.0000, 0.0000,  0, 0, 0
L -618.0000, 547.0000, 0.0000,  -655.0000, 566.0000, 0.0000,  0, 0, 0
L -557.0000, 669.0000, 0.0000,  -618.0000, 547.0000, 0.0000,  0, 0, 0
L -507.0000, 645.0000, 33.0000,  -513.2000, 648.0000, 28.9000,  0, 0, 0
L -505.0000, 648.0000, 33.0000,  -507.0000, 645.0000, 33.0000,  0, 0, 0
L -484.0000, 691.0000, 33.0000,  -471.0000, 684.0000, 33.0000,  0, 0, 0
L -492.0000, 642.0000, 33.0000,  -505.0000, 648.0000, 33.0000,  0, 0, 0
L -471.0000, 684.0000, 33.0000,  -461.0000, 705.0000, 33.0000,  0, 0, 0
L -503.0000, 621.0000, 33.0000,  -492.0000, 642.0000, 33.0000,  0, 0, 0
L -170.0000, 481.0000, 33.0000,  -157.0000, 474.0000, 33.0000,  0, 0, 0
L -181.0000, 460.0000, 33.0000,  -170.0000, 481.0000, 33.0000,  0, 0, 0
L -149.0000, 523.0000, 33.0000,  -138.0000, 544.0000, 33.0000,  0, 0, 0
L -136.0000, 517.0000, 33.0000,  -149.0000, 523.0000, 33.0000,  0, 0, 0
L 8.0000, 554.0000, 0.0000,  -5.0000, 561.0000, 0.0000,  0, 0, 0
L 22.0000, 583.0000, 0.0000,  8.0000, 554.0000, 0.0000,  0, 0, 0
L 92.0000, 548.0000, 0.0000,  22.0000, 583.0000, 0.0000,  0, 0, 0
L 77.0000, 519.0000, 0.0000,  92.0000, 548.0000, 0.0000,  0, 0, 0
L 47.0000, 458.0000, 0.0000,  57.0000, 479.0000, 0.0000,  0, 0, 0
L -23.0000, 493.0000, 0.0000,  47.0000, 458.0000, 0.0000,  0, 0, 0
L -12.0000, 514.0000, 0.0000,  -23.0000, 493.0000, 0.0000,  0, 0, 0
L -25.0000, 521.0000, 0.0000,  -12.0000, 514.0000, 0.0000,  0, 0, 0
L -105.0000, 329.0000, 0.0000,  -118.0000, 336.0000, 0.0000,  0, 0, 0
L -98.0000, 376.0000, 0.0000,  -85.0000, 369.0000, 0.0000,  0, 0, 0
L -25.0000, 521.0000, 0.0000,  -98.0000, 376.0000, 0.0000,  0, 0, 0
L 14.0000, 599.0000, 0.0000,  -5.0000, 561.0000, 0.0000,  0, 0, 0
L -23.0000, 618.0000, 0.0000,  14.0000, 599.0000, 0.0000,  0, 0, 0
L -83.0000, 498.0000, 0.0000,  -23.0000, 618.0000, 0.0000,  0, 0, 0
L -136.0000, 517.0000, 33.0000,  -134.0000, 520.0000, 33.0000,  0, 0, 0
L -159.0000, 471.0000, 33.0000,  -157.0000, 474.0000, 33.0000,  0, 0, 0
L -170.0000, 323.0000, 0.0000,  -110.0000, 445.0000, 0.0000,  0, 0, 0
L -133.0000, 305.0000, 0.0000,  -170.0000, 323.0000, 0.0000,  0, 0, 0
L -118.0000, 336.0000, 0.0000,  -133.0000, 305.0000, 0.0000,  0, 0, 0
L -1.0000, 363.0000, 0.0000,  -15.0000, 334.0000, 0.0000,  0, 0, 0
L -71.0000, 398.0000, 0.0000,  -1.0000, 363.0000, 0.0000,  0, 0, 0
L -85.0000, 369.0000, 0.0000,  -71.0000, 398.0000, 0.0000,  0, 0, 0
L -115.0000, 308.0000, 0.0000,  -105.0000, 329.0000, 0.0000,  0, 0, 0
L -46.0000, 273.0000, 0.0000,  -115.0000, 308.0000, 0.0000,  0, 0, 0
L -35.0000, 294.0000, 0.0000,  -46.0000, 273.0000, 0.0000,  0, 0, 0
L -22.0000, 288.0000, 0.0000,  -35.0000, 294.0000, 0.0000,  0, 0, 0
L -38.0000, 257.0000, 0.0000,  -22.0000, 288.0000, 0.0000,  0, 0, 0
L -8.0000, 240.0000, 3.0000,  -38.0000, 257.0000, 0.0000,  0, 0, 0
L -22.0000, 211.0000, 0.0000,  -8.0000, 240.0000, 3.0000,  0, 0, 0
L -37.0000, 218.0000, 1.0000,  -22.0000, 211.0000, 0.0000,  0, 0, 0
L -80.0000, 130.0000, 0.0000,  -37.0000, 218.0000, 1.0000,  0, 0, 0
L -65.0000, 122.0000, 0.0000,  -80.0000, 130.0000, 0.0000,  0, 0, 0
L -80.0000, 92.0000, 0.0000,  -65.0000, 122.0000, 0.0000,  0, 0, 0
L -95.0000, 100.0000, 0.0000,  -80.0000, 92.0000, 0.0000,  0, 0, 0
L -129.0000, 32.0000, 0.0000,  -95.0000, 100.0000, 0.0000,  0, 0, 0
L -135.0000, -63.0000, 0.0000,  -129.0000, 32.0000, 0.0000,  0, 0, 0
L -136.0000, -68.0000, 2.0000,  -135.0000, -63.0000, 0.0000,  0, 0, 0
L -136.0000, -72.0000, 3.0000,  -136.0000, -68.0000, 2.0000,  0, 0, 0
L -137.0000, -74.0000, 7.0000,  -136.0000, -72.0000, 3.0000,  0, 0, 0
L -138.0000, -80.0000, 9.0000,  -137.0000, -74.0000, 7.0000,  0, 0, 0
L -144.0000, -121.0000, 24.0000,  -138.0000, -80.0000, 9.0000,  0, 0, 0
L -145.0000, -138.0000, 21.0000,  -144.0000, -130.0000, 22.0000,  0, 0, 0
L -144.0000, -141.0000, 16.0000,  -145.0000, -138.0000, 21.0000,  0, 0, 0
L -144.0000, -146.0000, 11.0000,  -144.0000, -141.0000, 16.0000,  0, 0, 0
L -140.0000, -158.0000, 2.0000,  -144.0000, -146.0000, 11.0000,  0, 0, 0
L -137.0000, -171.0000, 0.0000,  -140.0000, -158.0000, 2.0000,  0, 0, 0
L -68.0000, -519.0000, 0.0000,  -238.0000, -519.0000, -40.0000,  0, 0, 0
L -238.0000, -556.0000, -40.0000,  -68.0000, -556.0000, 0.0000,  0, 0, 0
L -336.0000, -593.0000, -40.0000,  -336.0000, -749.0000, -40.0000,  0, 0, 0
L -350.0000, -593.0000, -40.0000,  -336.0000, -593.0000, -40.0000,  0, 0, 0
L -350.0000, -493.0000, -40.0000,  -350.0000, -593.0000, -40.0000,  0, 0, 0
L -238.0000, -493.0000, -40.0000,  -350.0000, -493.0000, -40.0000,  0, 0, 0
L -238.0000, -519.0000, -40.0000,  -238.0000, -493.0000, -40.0000,  0, 0, 0
L -238.0000, -593.0000, -40.0000,  -238.0000, -556.0000, -40.0000,  0, 0, 0
L -299.0000, -593.0000, -40.0000,  -238.0000, -593.0000, -40.0000,  0, 0, 0
L -299.0000, -749.0000, -40.0000,  -299.0000, -593.0000, -40.0000,  0, 0, 0
L -197.0000, -858.0000, -40.0000,  30.0000, -858.0000, 0.0000,  0, 0, 0
L -197.0000, -866.0000, -40.0000,  -197.0000, -858.0000, -40.0000,  0, 0, 0
L -350.0000, -866.0000, -40.0000,  -197.0000, -866.0000, -40.0000,  0, 0, 0
L -350.0000, -749.0000, -40.0000,  -350.0000, -866.0000, -40.0000,  0, 0, 0
L -336.0000, -749.0000, -40.0000,  -350.0000, -749.0000, -40.0000,  0, 0, 0
L -197.0000, -750.0000, -40.0000,  -299.0000, -749.0000, -40.0000,  0, 0, 0
L -197.0000, -820.0000, -40.0000,  -197.0000, -749.0000, -40.0000,  0, 0, 0
L 30.0000, -820.0000, 0.0000,  -197.0000, -820.0000, -40.0000,  0, 0, 0
L 128.0000, -655.0000, 48.0000,  129.0000, -673.0000, 48.0000,  0, 255, 0
L 205.0000, -676.0000, 48.0000,  205.0000, -655.0000, 48.0000,  0, 255, 0
L 147.0000, -692.0000, 48.0000,  147.0000, -706.6000, 42.0000,  0, 255, 0
L 108.0000, -692.0000, 48.0000,  147.0000, -692.0000, 48.0000,  0, 255, 0
L 185.0000, -692.0000, 48.0000,  225.0000, -692.0000, 48.0000,  0, 255, 0
L 185.0000, -809.0000, 0.0000,  185.0000, -794.4000, 6.0000,  0, 255, 0
L 302.0000, -820.0000, 0.0000,  529.0000, -820.0000, -40.0000,  0, 0, 0
L 302.0000, -809.0000, 0.0000,  302.0000, -820.0000, 0.0000,  0, 0, 0
L 185.0000, -809.0000, 0.0000,  302.0000, -809.0000, 0.0000,  0, 0, 0
L 30.0000, -809.0000, 0.0000,  147.0000, -809.0000, 0.0000,  0, 0, 0
L 30.0000, -820.0000, 0.0000,  30.0000, -809.0000, 0.0000,  0, 0, 0
L 30.0000, -926.0000, 0.0000,  30.0000, -858.0000, 0.0000,  0, 0, 0
L 302.0000, -926.0000, 0.0000,  30.0000, -926.0000, 0.0000,  0, 0, 0
L 302.0000, -858.0000, 0.0000,  302.0000, -926.0000, 0.0000,  0, 0, 0
L 529.0000, -858.0000, -40.0000,  302.0000, -858.0000, 0.0000,  0, 0, 0
L 645.0000, -378.0000, 5.0000,  645.0000, -493.0000, -40.0000,  0, 0, 0
L 657.0000, -367.0000, 5.0000,  645.0000, -378.0000, 5.0000,  0, 0, 0
L 657.0000, -328.0000, 5.0000,  657.0000, -347.0000, 5.0000,  0, 0, 0
L 646.0000, -317.0000, 5.0000,  657.0000, -328.0000, 5.0000,  0, 0, 0
L 638.0000, -317.0000, 5.0000,  646.0000, -317.0000, 5.0000,  0, 0, 0
L 607.0000, -317.0000, 5.0000,  614.0000, -317.0000, 5.0000,  0, 0, 0
L 595.0000, -328.0000, 5.0000,  607.0000, -317.0000, 5.0000,  0, 0, 0
L 595.0000, -367.0000, 5.0000,  595.0000, -328.0000, 5.0000,  0, 0, 0
L 607.0000, -378.0000, 5.0000,  595.0000, -367.0000, 5.0000,  0, 0, 0
L 607.0000, -493.0000, -40.0000,  607.0000, -378.0000, 5.0000,  0, 0, 0
L 570.0000, -519.0000, -40.0000,  401.0000, -519.0000, 0.0000,  0, 0, 0
L 631.0000, -749.0000, -40.0000,  631.0000, -593.0000, -40.0000,  0, 0, 0
L 529.0000, -749.0000, -40.0000,  631.0000, -749.0000, -40.0000,  0, 0, 0
L 529.0000, -820.0000, -40.0000,  529.0000, -749.0000, -40.0000,  0, 0, 0
L 529.0000, -866.0000, -40.0000,  529.0000, -858.0000, -40.0000,  0, 0, 0
L 682.0000, -866.0000, -40.0000,  529.0000, -866.0000, -40.0000,  0, 0, 0
L 682.0000, -749.0000, -40.0000,  682.0000, -866.0000, -40.0000,  0, 0, 0
L 669.0000, -749.0000, -40.0000,  682.0000, -749.0000, -40.0000,  0, 0, 0
L 669.0000, -593.0000, -40.0000,  669.0000, -749.0000, -40.0000,  0, 0, 0
L 682.0000, -593.0000, -40.0000,  669.0000, -593.0000, -40.0000,  0, 0, 0
L 682.0000, -493.0000, -40.0000,  682.0000, -593.0000, -40.0000,  0, 0, 0
L 645.0000, -493.0000, -40.0000,  682.0000, -493.0000, -40.0000,  0, 0, 0
L 570.0000, -493.0000, -40.0000,  607.0000, -493.0000, -40.0000,  0, 0, 0
L 570.0000, -519.0000, -40.0000,  570.0000, -493.0000, -40.0000,  0, 0, 0
L 570.0000, -593.0000, -40.0000,  570.0000, -556.0000, -40.0000,  0, 0, 0
L 570.0000, -593.0000, -40.0000,  631.0000, -593.0000, -40.0000,  0, 0, 0
L 572.0000, -551.0000, -40.0000,  570.0000, -556.0000, -40.0000,  0, 0, 0
L 571.0000, -545.0000, -40.0000,  572.0000, -551.0000, -40.0000,  0, 0, 0
L 398.0000, -556.0000, 0.0000,  399.0000, -546.0000, 0.0000,  0, 0, 0
L 401.0000, -556.0000, 0.0000,  398.0000, -556.0000, 0.0000,  0, 0, 0
L 401.0000, -644.0000, 0.0000,  401.0000, -556.0000, 0.0000,  0, 0, 0
L -68.0000, -645.0000, 0.0000,  401.0000, -644.0000, 0.0000,  0, 0, 0
L -68.0000, -556.0000, 0.0000,  -68.0000, -645.0000, 0.0000,  0, 0, 0
L 227.0000, -398.0000, 0.0000,  196.0000, -397.0000, 0.0000,  0, 0, 0
L 227.0000, -402.0000, 1.0000,  227.0000, -398.0000, 0.0000,  0, 0, 0
L 426.0000, -402.0000, 0.0000,  227.0000, -402.0000, 1.0000,  0, 0, 0
L 442.0000, -393.0000, 0.0000,  426.0000, -402.0000, 0.0000,  0, 0, 0
L 459.0000, -409.0000, 0.0000,  442.0000, -393.0000, 0.0000,  0, 0, 0
L 450.0000, -426.0000, 0.0000,  459.0000, -409.0000, 0.0000,  0, 0, 0
L 450.0000, -449.0000, 0.0000,  450.0000, -426.0000, 0.0000,  0, 0, 0
L 454.0000, -449.0000, 0.0000,  450.0000, -449.0000, 0.0000,  0, 0, 0
L 463.0000, -440.0000, 0.0000,  454.0000, -449.0000, 0.0000,  0, 0, 0
L 486.0000, -419.0000, 8.0000,  463.0000, -440.0000, 0.0000,  0, 0, 0
L 556.0000, -348.0000, 2.0000,  486.0000, -419.0000, 8.0000,  0, 0, 0
L 590.0000, -347.0000, 5.0000,  577.0000, -347.0000, 3.0000,  0, 0, 0
L 590.0000, -327.0000, 5.0000,  590.0000, -347.0000, 5.0000,  0, 0, 0
L 604.0000, -314.0000, 5.0000,  590.0000, -327.0000, 5.0000,  0, 0, 0
L 615.0000, -312.0000, 5.0000,  604.0000, -314.0000, 5.0000,  0, 0, 0
L 646.0000, -311.0000, 5.0000,  638.0000, -312.0000, 5.0000,  0, 0, 0
L 661.0000, -326.0000, 5.0000,  646.0000, -311.0000, 5.0000,  0, 0, 0
L 663.0000, -346.0000, 5.0000,  661.0000, -326.0000, 5.0000,  0, 0, 0
L 665.0000, -341.0000, 3.0000,  663.0000, -346.0000, 5.0000,  0, 0, 0
L 666.0000, -330.0000, 2.0000,  665.0000, -341.0000, 3.0000,  0, 0, 0
L 668.0000, -317.0000, 0.0000,  666.0000, -330.0000, 2.0000,  0, 0, 0
L 677.0000, -261.0000, 0.0000,  668.0000, -317.0000, 0.0000,  0, 0, 0
L 734.0000, -204.0000, 0.0000,  677.0000, -261.0000, 0.0000,  0, 0, 0
L 739.0000, -199.0000, 1.0000,  734.0000, -204.0000, 0.0000,  0, 0, 0
L 741.0000, -196.0000, 0.0000,  739.0000, -199.0000, 1.0000,  0, 0, 0
L 791.0000, -139.0000, 0.0000,  741.0000, -196.0000, 0.0000,  0, 0, 0
L 811.0000, -118.0000, 0.0000,  791.0000, -139.0000, 0.0000,  0, 0, 0
L 812.0000, -5.0000, 3.0000,  811.0000, -118.0000, 0.0000,  0, 0, 0
L 800.0000, -4.0000, 3.0000,  812.0000, -5.0000, 3.0000,  0, 0, 0
L 798.0000, 27.0000, 1.0000,  800.0000, -4.0000, 3.0000,  0, 0, 0
L 838.0000, 27.0000, 0.0000,  798.0000, 27.0000, 1.0000,  0, 0, 0
L 838.0000, 79.0000, 0.0000,  838.0000, 27.0000, 0.0000,  0, 0, 0
L 850.0000, 79.0000, 0.0000,  838.0000, 79.0000, 0.0000,  0, 0, 0
L 850.0000, 37.0000, 0.0000,  850.0000, 79.0000, 0.0000,  0, 0, 0
L 910.0000, 37.0000, 0.0000,  850.0000, 37.0000, 0.0000,  0, 0, 0
L 910.0000, 79.0000, 0.0000,  910.0000, 37.0000, 0.0000,  0, 0, 0
L 922.0000, 79.0000, 0.0000,  910.0000, 79.0000, 0.0000,  0, 0, 0
L 838.0000, 314.0000, 0.0000,  838.0000, 365.0000, 0.0000,  0, 0, 0
L 850.0000, 314.0000, 0.0000,  838.0000, 314.0000, 0.0000,  0, 0, 0
L 850.0000, 355.0000, 0.0000,  850.0000, 314.0000, 0.0000,  0, 0, 0
L 910.0000, 355.0000, 0.0000,  850.0000, 355.0000, 0.0000,  0, 0, 0
L 910.0000, 314.0000, 0.0000,  910.0000, 355.0000, 0.0000,  0, 0, 0
L 922.0000, 314.0000, 0.0000,  910.0000, 314.0000, 0.0000,  0, 0, 0
L 910.0000, 279.0000, 0.0000,  922.0000, 279.0000, 0.0000,  0, 0, 0
L 910.0000, 237.0000, 0.0000,  910.0000, 279.0000, 0.0000,  0, 0, 0
L 850.0000, 237.0000, 0.0000,  910.0000, 237.0000, 0.0000,  0, 0, 0
L 850.0000, 279.0000, 0.0000,  850.0000, 237.0000, 0.0000,  0, 0, 0
L 838.0000, 279.0000, 0.0000,  850.0000, 279.0000, 0.0000,  0, 0, 0
L 838.0000, 114.0000, 0.0000,  838.0000, 279.0000, 0.0000,  0, 0, 0
L 850.0000, 114.0000, 0.0000,  838.0000, 114.0000, 0.0000,  0, 0, 0
L 850.0000, 155.0000, 0.0000,  850.0000, 114.0000, 0.0000,  0, 0, 0
L 910.0000, 155.0000, 0.0000,  850.0000, 155.0000, 0.0000,  0, 0, 0
L 910.0000, 114.0000, 0.0000,  910.0000, 155.0000, 0.0000,  0, 0, 0
L 922.0000, 114.0000, 0.0000,  910.0000, 114.0000, 0.0000,  0, 0, 0
L 922.0000, 279.0000, 0.0000,  922.0000, 114.0000, 0.0000,  0, 0, 0
L 922.0000, 355.0000, 0.0000,  922.0000, 314.0000, 0.0000,  0, 0, 0
L 972.0000, 355.0000, 0.0000,  922.0000, 355.0000, 0.0000,  0, 0, 0
L 973.0000, 225.0000, 0.0000,  972.0000, 355.0000, 0.0000,  0, 0, 0
L 922.0000, 37.0000, 0.0000,  922.0000, 79.0000, 0.0000,  0, 0, 0
L 973.0000, 37.0000, 0.0000,  922.0000, 37.0000, 0.0000,  0, 0, 0
L 973.0000, 167.0000, 0.0000,  973.0000, 37.0000, 0.0000,  0, 0, 0
L 1219.0000, 187.0000, 30.0000,  1219.0000, -33.0000, 30.0000,  0, 0, 255
L 1138.0000, 186.0000, 30.0000,  1219.0000, 187.0000, 30.0000,  0, 0, 255
L 1138.0000, -33.0000, 30.0000,  1138.0000, 186.0000, 30.0000,  0, 0, 255
L 1138.0000, 206.0000, 30.0000,  1138.0000, 425.0000, 30.0000,  0, 0, 255
L 1219.0000, 206.0000, 30.0000,  1138.0000, 206.0000, 30.0000,  0, 0, 255
L 1219.0000, 206.0000, 30.0000,  1219.0000, 425.0000, 30.0000,  0, 0, 255
L 1327.0000, 255.0000, 30.0000,  1270.0000, 255.0000, 30.0000,  0, 0, 0
L 1270.0000, 137.0000, 30.0000,  1327.0000, 137.0000, 30.0000,  0, 0, 0
L 1270.0000, 179.0000, 30.0000,  1270.0000, 137.0000, 30.0000,  0, 0, 0
L 1232.0000, 129.0000, 30.0000,  1257.0000, 129.0000, 30.0000,  0, 0, 0
L 1232.0000, 103.0000, 30.0000,  1232.0000, 129.0000, 30.0000,  0, 0, 0
L 1257.0000, -32.0000, 30.0000,  1257.0000, 103.0000, 30.0000,  0, 0, 0
L 1100.0000, -32.0000, 30.0000,  1257.0000, -32.0000, 30.0000,  0, 0, 0
L 1100.0000, 101.0000, 30.0000,  1100.0000, -32.0000, 30.0000,  0, 0, 0
L 1125.0000, 100.0000, 30.0000,  1100.0000, 101.0000, 30.0000,  0, 0, 0
L 1030.0000, 138.0000, 30.0000,  1087.0000, 138.0000, 30.0000,  0, 0, 0
L 1087.0000, 255.0000, 30.0000,  1030.0000, 255.0000, 30.0000,  0, 0, 0
L 1101.0000, 288.0000, 30.0000,  1125.0000, 288.0000, 30.0000,  0, 0, 0
L 1100.0000, 425.0000, 30.0000,  1101.0000, 288.0000, 30.0000,  0, 0, 0
L 1257.0000, 425.0000, 31.0000,  1100.0000, 425.0000, 30.0000,  0, 0, 0
L 1233.0000, 265.0000, 30.0000,  1233.0000, 291.0000, 30.0000,  0, 0, 0
L 1257.0000, 265.0000, 30.0000,  1233.0000, 265.0000, 30.0000,  0, 0, 0
L 1257.0000, 217.0000, 30.0000,  1257.0000, 265.0000, 30.0000,  0, 0, 0
L 1511.0000, 155.0000, 0.0000,  1511.0000, 38.0000, 0.0000,  199, 21, 133
L 1448.0000, 155.0000, 0.0000,  1511.0000, 155.0000, 0.0000,  0, 0, 0
L 1448.0000, 117.0000, 0.0000,  1448.0000, 155.0000, 0.0000,  0, 0, 0
L 1431.0000, 107.0000, 0.0000,  1435.0000, 106.8000, 0.0000,  0, 0, 0
L 1448.0000, 238.0000, 0.0000,  1448.0000, 277.0000, 0.0000,  0, 0, 0
L 1494.0000, 238.0000, 0.0000,  1448.0000, 238.0000, 0.0000,  0, 0, 0
L 1495.0000, 355.0000, 0.0000,  1494.0000, 238.0000, 0.0000,  199, 21, 133
L 1448.0000, 355.0000, 0.0000,  1495.0000, 355.0000, 0.0000,  0, 0, 0
L 1386.0000, 355.0000, 0.0000,  1435.0000, 355.0000, 0.0000,  0, 0, 0
L 1385.0000, 226.0000, 0.0000,  1386.0000, 355.0000, 0.0000,  0, 0, 0
L 1385.0000, 38.0000, 0.0000,  1385.0000, 167.0000, 0.0000,  0, 0, 0
L 1435.0000, 38.0000, 0.0000,  1385.0000, 38.0000, 0.0000,  0, 0, 0
L 1448.0000, 77.0000, 0.0000,  1452.0000, 77.0000, 0.0000,  0, 0, 0
L 1448.0000, 38.0000, 0.0000,  1448.0000, 77.0000, 0.0000,  0, 0, 0
L 194.0000, -401.0000, 0.0000,  194.0000, -404.0000, 6.0000,  0, 0, 0
L 194.0000, -426.0000, 50.0000,  194.0000, -467.0000, 50.0000,  0, 0, 0
L 194.0000, -467.0000, 50.0000,  194.0000, -467.0000, 47.0000,  0, 0, 0
L 194.0000, -467.0000, 47.0000,  232.0000, -468.0000, 47.0000,  0, 0, 0
L 232.0000, -468.0000, 47.0000,  232.0000, -446.0000, 70.0000,  0, 0, 0
L 232.0000, -446.0000, 70.0000,  232.0000, -432.0000, 70.0000,  0, 0, 0
L 232.0000, -432.0000, 70.0000,  395.0000, -432.0000, 70.0000,  0, 0, 0
L 395.0000, -432.0000, 70.0000,  395.0000, -446.0000, 70.0000,  0, 0, 0
L 395.0000, -446.0000, 70.0000,  396.0000, -469.0000, 47.0000,  0, 0, 0
L 396.0000, -469.0000, 47.0000,  400.0000, -469.0000, 47.0000,  0, 0, 0
L 400.0000, -469.0000, 47.0000,  400.0000, -496.0000, 47.0000,  0, 0, 0
L 400.0000, -496.0000, 47.0000,  303.9000, -496.2000, 47.0000,  255, 255, 0
L -68.0000, -497.0000, 47.0000,  -68.0000, -469.0000, 47.0000,  0, 0, 0
L -68.0000, -469.0000, 47.0000,  -63.0000, -468.0000, 47.0000,  0, 0, 0
L -63.0000, -468.0000, 47.0000,  -63.0000, -446.0000, 70.0000,  0, 0, 0
L -63.0000, -446.0000, 70.0000,  -63.0000, -432.0000, 70.0000,  0, 0, 0
L -63.0000, -432.0000, 70.0000,  99.0000, -432.0000, 70.0000,  0, 0, 0
L 99.0000, -432.0000, 70.0000,  99.0000, -447.0000, 70.0000,  0, 0, 0
L 99.0000, -447.0000, 70.0000,  99.0000, -469.0000, 47.0000,  0, 0, 0
L 99.0000, -469.0000, 47.0000,  136.0000, -468.0000, 47.0000,  0, 0, 0
L 136.0000, -468.0000, 47.0000,  138.0000, -466.0000, 50.0000,  0, 0, 0
L 138.0000, -466.0000, 50.0000,  137.0000, -427.0000, 50.0000,  0, 0, 0
L 137.0000, -427.0000, 50.0000,  137.0000, -423.0000, 43.0000,  0, 0, 0
L 137.0000, -400.0000, 0.0000,  137.0000, -396.0000, 0.0000,  0, 0, 0
L 137.0000, -396.0000, 0.0000,  105.0000, -397.0000, 0.0000,  0, 0, 0
L 105.0000, -397.0000, 0.0000,  103.0000, -401.0000, 0.0000,  0, 0, 0
L 103.0000, -401.0000, 0.0000,  -93.0000, -401.0000, 0.0000,  0, 0, 0
L -93.0000, -401.0000, 0.0000,  -109.0000, -393.0000, 0.0000,  0, 0, 0
L -109.0000, -393.0000, 0.0000,  -125.0000, -408.0000, 0.0000,  0, 0, 0
L -125.0000, -408.0000, 0.0000,  -129.0000, -407.0000, 0.0000,  0, 0, 0
L -129.0000, -407.0000, 0.0000,  -128.0000, -391.0000, 0.0000,  0, 0, 0
L -128.0000, -391.0000, 0.0000,  -129.0000, -260.0000, 0.0000,  0, 0, 0
L -129.0000, -260.0000, 0.0000,  -130.0000, -253.0000, 0.0000,  0, 0, 0
L -130.0000, -253.0000, 0.0000,  -130.0000, -244.0000, 0.0000,  0, 0, 0
L -130.0000, -244.0000, 0.0000,  -131.0000, -238.0000, 0.0000,  0, 0, 0
L -131.0000, -238.0000, 0.0000,  -132.0000, -231.0000, 0.0000,  0, 0, 0
L -132.0000, -231.0000, 0.0000,  -132.0000, -222.0000, 0.0000,  0, 0, 0
L -132.0000, -222.0000, 0.0000,  -133.0000, -215.0000, 0.0000,  0, 0, 0
L -133.0000, -215.0000, 0.0000,  -134.0000, -210.0000, 0.0000,  0, 0, 0
L -134.0000, -210.0000, 0.0000,  -134.0000, -201.0000, 0.0000,  0, 0, 0
L -134.0000, -201.0000, 0.0000,  -135.0000, -194.0000, 0.0000,  0, 0, 0
L -135.0000, -194.0000, 0.0000,  -136.0000, -188.0000, 0.0000,  0, 0, 0
L -136.0000, -188.0000, 0.0000,  -136.0000, -179.0000, 0.0000,  0, 0, 0
L -136.0000, -179.0000, 0.0000,  -137.0000, -172.0000, 0.0000,  0, 0, 0
L 137.0000, -426.0000, 50.0000,  194.0000, -426.0000, 50.0000,  150, 150, 150
L -68.0000, -469.0000, 47.0000,  102.0000, -469.0000, 47.0000,  150, 150, 150
L 1348.0000, 224.0000, 27.0000,  1347.0000, 167.0000, 27.0000,  150, 150, 150
L 1373.0000, 167.0000, 2.0000,  1372.0000, 224.0000, 2.0000,  150, 150, 150
L 1385.0000, 226.0000, 0.0000,  1375.0000, 224.0000, 0.0000,  0, 0, 0
L 1375.0000, 224.0000, 0.0000,  1367.0000, 224.0000, 7.0000,  0, 0, 0
L 1345.0000, 224.0000, 30.0000,  1340.0000, 224.0000, 30.0000,  0, 0, 0
L 1340.0000, 224.0000, 30.0000,  1340.0000, 214.0000, 30.0000,  0, 0, 0
L 1340.0000, 214.0000, 30.0000,  1340.0000, 206.0000, 30.0000,  0, 0, 0
L 1340.0000, 188.0000, 30.0000,  1340.0000, 167.0000, 30.0000,  0, 0, 0
L 1340.0000, 167.0000, 30.0000,  1345.0000, 167.0000, 30.0000,  0, 0, 0
L 1345.0000, 167.0000, 30.0000,  1353.0000, 167.0000, 22.0000,  0, 0, 0
L 1375.0000, 167.0000, 0.0000,  1385.0000, 167.0000, 0.0000,  0, 0, 0
L -144.0000, -130.0000, 22.0000,  -144.0000, -121.0000, 24.0000,  0, 0, 0
L 1360.0000, 224.0000, 15.0000,  1353.0000, 224.0000, 22.0000,  0, 0, 0
L 1360.0000, 167.0000, 15.0000,  1367.0000, 167.0000, 7.0000,  0, 0, 0
L 1360.0000, 224.0000, 15.0000,  1360.0000, 167.0000, 15.0000,  150, 150, 150
L 1367.0000, 224.0000, 7.0000,  1360.0000, 224.0000, 15.0000,  0, 0, 0
L 1367.0000, 167.0000, 7.0000,  1375.0000, 167.0000, 0.0000,  0, 0, 0
L 1367.0000, 224.0000, 7.0000,  1367.0000, 167.0000, 7.0000,  150, 150, 150
L 1353.0000, 224.0000, 22.0000,  1345.0000, 224.0000, 30.0000,  0, 0, 0
L 1353.0000, 167.0000, 22.0000,  1360.0000, 167.0000, 15.0000,  0, 0, 0
L 1353.0000, 224.0000, 22.0000,  1353.0000, 167.0000, 22.0000,  150, 150, 150
L 1017.0000, 167.0000, 30.0000,  1010.0000, 167.0000, 26.0000,  0, 0, 0
L 1017.0000, 225.0000, 30.0000,  1010.0000, 225.0000, 26.0000,  0, 0, 0
L 194.0000, -401.0000, 0.0000,  196.0000, -397.0000, 0.0000,  0, 0, 0
L 194.0000, -413.0000, 25.0000,  194.0000, -416.0000, 31.0000,  0, 0, 0
L 137.0000, -413.0000, 25.0000,  137.0000, -410.0000, 18.0000,  0, 0, 0
L 194.0000, -413.0000, 25.0000,  137.0000, -413.0000, 25.0000,  150, 150, 150
L 194.0000, -420.0000, 37.0000,  194.0000, -423.0000, 43.0000,  0, 0, 0
L 137.0000, -420.0000, 37.0000,  137.0000, -413.0000, 25.0000,  0, 0, 0
L 194.0000, -420.0000, 37.0000,  137.0000, -420.0000, 37.0000,  150, 150, 150
L 194.0000, -407.0000, 12.0000,  194.0000, -410.0000, 19.0000,  0, 0, 0
L 137.0000, -407.0000, 12.0000,  137.0000, -404.0000, 6.0000,  0, 0, 0
L 194.0000, -407.0000, 12.0000,  137.0000, -407.0000, 12.0000,  150, 150, 150
L 194.0000, -410.0000, 19.0000,  194.0000, -413.0000, 25.0000,  0, 0, 0
L 137.0000, -410.0000, 18.0000,  137.0000, -407.0000, 12.0000,  0, 0, 0
L 194.0000, -410.0000, 19.0000,  137.0000, -410.0000, 18.0000,  150, 150, 150
L 194.0000, -416.0000, 31.0000,  194.0000, -420.0000, 37.0000,  0, 0, 0
L 194.0000, -416.0000, 31.0000,  137.0000, -416.0000, 31.0000,  150, 150, 150
L 194.0000, -423.0000, 43.0000,  194.0000, -426.0000, 50.0000,  0, 0, 0
L 137.0000, -423.0000, 43.0000,  137.0000, -420.0000, 37.0000,  0, 0, 0
L 194.0000, -423.0000, 43.0000,  137.0000, -423.0000, 43.0000,  150, 150, 150
L 194.0000, -401.0000, 0.0000,  137.0000, -400.0000, 0.0000,  150, 150, 150
L 194.0000, -404.0000, 6.0000,  194.0000, -407.0000, 12.0000,  0, 0, 0
L 137.0000, -404.0000, 6.0000,  137.0000, -400.0000, 0.0000,  0, 0, 0
L 194.0000, -404.0000, 6.0000,  137.0000, -404.0000, 6.0000,  150, 150, 150
L 400.0000, -496.0000, 47.0000,  400.0000, -496.0000, 0.0000,  0, 0, 0
L 401.0000, -519.0000, 0.0000,  400.0000, -496.0000, 0.0000,  0, 0, 0
L -68.0000, -519.0000, 0.0000,  -68.0000, -496.0000, 0.0000,  0, 0, 0
L -68.0000, -497.0000, 47.0000,  -68.0000, -496.0000, 0.0000,  0, 0, 0
L 571.0000, -545.0000, -40.0000,  399.0000, -546.0000, 0.0000,  0, 0, 0
L 577.0000, -347.0000, 3.0000,  556.0000, -348.0000, 2.0000,  0, 0, 0
L 232.0000, -468.0000, 47.0000,  396.0000, -469.0000, 47.0000,  150, 150, 150
L -63.0000, -446.0000, 70.0000,  99.0000, -447.0000, 70.0000,  150, 150, 150
L 232.0000, -446.0000, 70.0000,  395.0000, -446.0000, 70.0000,  150, 150, 150
L 190.0000, 193.0000, 21.0000,  145.0000, 193.0000, 21.0000,  150, 150, 150
L 190.0000, 182.0000, 10.0000,  190.0000, 187.0000, 15.0000,  150, 150, 150
L 144.0000, 182.0000, 10.0000,  143.0000, 176.0000, 5.0000,  150, 150, 150
L 190.0000, 182.0000, 10.0000,  144.0000, 182.0000, 10.0000,  150, 150, 150
L 190.0000, 187.0000, 15.0000,  190.0000, 193.0000, 21.0000,  150, 150, 150
L 144.0000, 187.0000, 15.0000,  144.0000, 182.0000, 10.0000,  150, 150, 150
L 190.0000, 187.0000, 15.0000,  144.0000, 187.0000, 15.0000,  150, 150, 150
L 190.0000, 176.0000, 5.0000,  190.0000, 182.0000, 10.0000,  150, 150, 150
L 143.0000, 176.0000, 5.0000,  143.0000, 171.0000, 0.0000,  150, 150, 150
L 190.0000, 176.0000, 5.0000,  143.0000, 176.0000, 5.0000,  150, 150, 150
L 190.0000, 171.0000, 0.0000,  143.0000, 171.0000, 0.0000,  150, 150, 150
L 1086.0000, 186.0000, 30.0000,  1087.0000, 186.1000, 30.0000,  0, 0, 0
L 1082.0000, 207.0000, 30.0000,  1082.0000, 215.0000, 30.0000,  0, 0, 0
L 1100.0000, 262.0000, 30.0000,  1101.0000, 215.0000, 30.0000,  0, 0, 0
L 994.0000, 225.0000, 15.0000,  989.0000, 225.0000, 11.0000,  0, 0, 0
L 994.0000, 167.0000, 15.0000,  988.0000, 167.0000, 11.0000,  0, 0, 0
L 994.0000, 225.0000, 15.0000,  994.0000, 167.0000, 15.0000,  150, 150, 150
L 1005.0000, 225.0000, 22.0000,  999.0000, 225.0000, 18.0000,  0, 0, 0
L 1004.0000, 167.0000, 22.0000,  999.0000, 167.0000, 18.0000,  0, 0, 0
L 1005.0000, 225.0000, 22.0000,  1004.0000, 167.0000, 22.0000,  150, 150, 150
L 983.0000, 225.0000, 7.0000,  978.0000, 225.0000, 3.0000,  0, 0, 0
L 983.0000, 167.0000, 7.0000,  978.0000, 167.0000, 3.0000,  0, 0, 0
L 983.0000, 225.0000, 7.0000,  983.0000, 167.0000, 7.0000,  150, 150, 150
L 978.0000, 225.0000, 3.0000,  973.0000, 225.0000, 0.0000,  0, 0, 0
L 978.0000, 167.0000, 3.0000,  973.0000, 167.0000, 0.0000,  0, 0, 0
L 978.0000, 225.0000, 3.0000,  978.0000, 167.0000, 3.0000,  150, 150, 150
L 1010.0000, 225.0000, 26.0000,  1005.0000, 225.0000, 22.0000,  0, 0, 0
L 1010.0000, 167.0000, 26.0000,  1004.0000, 167.0000, 22.0000,  0, 0, 0
L 1010.0000, 225.0000, 26.0000,  1010.0000, 167.0000, 26.0000,  150, 150, 150
L 999.0000, 225.0000, 18.0000,  994.0000, 225.0000, 15.0000,  0, 0, 0
L 999.0000, 167.0000, 18.0000,  994.0000, 167.0000, 15.0000,  0, 0, 0
L 999.0000, 225.0000, 18.0000,  999.0000, 167.0000, 18.0000,  150, 150, 150
L 989.0000, 225.0000, 11.0000,  983.0000, 225.0000, 7.0000,  0, 0, 0
L 988.0000, 167.0000, 11.0000,  983.0000, 167.0000, 7.0000,  0, 0, 0
L 989.0000, 225.0000, 11.0000,  988.0000, 167.0000, 11.0000,  150, 150, 150
L -159.0000, 471.0000, 33.0000,  -146.0000, 464.0000, 24.0000,  0, 0, 0
L -134.0000, 520.0000, 33.0000,  -121.0000, 514.0000, 24.0000,  0, 0, 0
L -110.0000, 445.0000, 0.0000,  -83.0000, 498.0000, 0.0000,  150, 150, 150
L -134.0000, 458.0000, 16.0000,  -128.0000, 454.0000, 12.0000,  0, 0, 0
L -108.0000, 509.0000, 16.0000,  -102.0000, 506.0000, 12.0000,  0, 0, 0
L -134.0000, 458.0000, 16.0000,  -108.0000, 509.0000, 16.0000,  150, 150, 150
L -146.0000, 464.0000, 24.0000,  -140.0000, 461.0000, 20.0000,  0, 0, 0
L -121.0000, 514.0000, 24.0000,  -114.0000, 511.0000, 20.0000,  0, 0, 0
L -146.0000, 464.0000, 24.0000,  -121.0000, 514.0000, 24.0000,  150, 150, 150
L -122.0000, 451.0000, 8.0000,  -116.0000, 448.0000, 4.0000,  0, 0, 0
L -95.0000, 503.0000, 8.0000,  -89.0000, 500.0000, 4.0000,  0, 0, 0
L -122.0000, 451.0000, 8.0000,  -95.0000, 503.0000, 8.0000,  150, 150, 150
L -116.0000, 448.0000, 4.0000,  -110.0000, 445.0000, 0.0000,  0, 0, 0
L -89.0000, 500.0000, 4.0000,  -83.0000, 498.0000, 0.0000,  0, 0, 0
L -116.0000, 448.0000, 4.0000,  -89.0000, 500.0000, 4.0000,  150, 150, 150
L -128.0000, 454.0000, 12.0000,  -122.0000, 451.0000, 8.0000,  0, 0, 0
L -102.0000, 506.0000, 12.0000,  -95.0000, 503.0000, 8.0000,  0, 0, 0
L -128.0000, 454.0000, 12.0000,  -102.0000, 506.0000, 12.0000,  150, 150, 150
L -140.0000, 461.0000, 20.0000,  -134.0000, 458.0000, 16.0000,  0, 0, 0
L -114.0000, 511.0000, 20.0000,  -108.0000, 509.0000, 16.0000,  0, 0, 0
L -140.0000, 461.0000, 20.0000,  -114.0000, 511.0000, 20.0000,  150, 150, 150
L -401.0000, 649.0000, 33.0000,  -389.0000, 643.0000, 33.0000,  0, 0, 0
L -391.0000, 671.0000, 33.0000,  -401.0000, 649.0000, 33.0000,  0, 0, 0
L -461.0000, 705.0000, 33.0000,  -391.0000, 671.0000, 33.0000,  0, 0, 0
L -433.0000, 586.0000, 33.0000,  -503.0000, 621.0000, 33.0000,  0, 0, 0
L -421.0000, 610.0000, 33.0000,  -433.0000, 586.0000, 33.0000,  0, 0, 0
L -409.0000, 603.0000, 33.0000,  -421.0000, 610.0000, 33.0000,  0, 0, 0
L -300.0000, 556.0000, 33.0000,  -457.0000, 241.0000, 33.0000,  0, 0, 255
L -355.0000, 583.0000, 33.0000,  -300.0000, 556.0000, 33.0000,  0, 0, 255
L -512.0000, 269.0000, 33.0000,  -355.0000, 583.0000, 33.0000,  0, 0, 255
L -343.0000, 608.0000, 33.0000,  -185.0000, 924.0000, 33.0000,  0, 0, 255
L -287.0000, 579.0000, 33.0000,  -343.0000, 608.0000, 33.0000,  0, 0, 255
L -130.0000, 896.0000, 33.0000,  -287.0000, 579.0000, 33.0000,  0, 0, 255
L -253.0000, 522.0000, 33.0000,  -240.0000, 516.0000, 33.0000,  0, 0, 0
L -268.0000, 491.0000, 33.0000,  -253.0000, 522.0000, 33.0000,  0, 0, 0
L -298.0000, 505.0000, 33.0000,  -268.0000, 491.0000, 33.0000,  0, 0, 0
L -306.0000, 487.0000, 33.0000,  -298.0000, 505.0000, 33.0000,  0, 0, 0
L -287.0000, 478.0000, 33.0000,  -306.0000, 487.0000, 33.0000,  0, 0, 0
L -347.0000, 358.0000, 33.0000,  -287.0000, 478.0000, 33.0000,  0, 0, 0
L -366.0000, 368.0000, 33.0000,  -347.0000, 358.0000, 33.0000,  0, 0, 0
L -375.0000, 350.0000, 33.0000,  -366.0000, 368.0000, 33.0000,  0, 0, 0
L -356.0000, 341.0000, 33.0000,  -375.0000, 350.0000, 33.0000,  0, 0, 0
L -416.0000, 221.0000, 33.0000,  -356.0000, 341.0000, 33.0000,  0, 0, 0
L -553.0000, 289.0000, 33.0000,  -416.0000, 221.0000, 33.0000,  0, 0, 0
L -493.0000, 409.0000, 33.0000,  -553.0000, 289.0000, 33.0000,  0, 0, 0
L -474.0000, 401.0000, 33.0000,  -493.0000, 409.0000, 33.0000,  0, 0, 0
L -466.0000, 418.0000, 33.0000,  -474.0000, 401.0000, 33.0000,  0, 0, 0
L -484.0000, 427.0000, 33.0000,  -466.0000, 418.0000, 33.0000,  0, 0, 0
L -424.0000, 547.0000, 33.0000,  -484.0000, 427.0000, 33.0000,  0, 0, 0
L -406.0000, 537.0000, 33.0000,  -424.0000, 547.0000, 33.0000,  0, 0, 0
L -396.0000, 556.0000, 33.0000,  -406.0000, 537.0000, 33.0000,  0, 0, 0
L -425.0000, 569.0000, 33.0000,  -396.0000, 556.0000, 33.0000,  0, 0, 0
L -409.0000, 603.0000, 33.0000,  -425.0000, 569.0000, 33.0000,  0, 0, 0
L -373.0000, 674.0000, 33.0000,  -389.0000, 643.0000, 33.0000,  0, 0, 0
L -345.0000, 659.0000, 33.0000,  -373.0000, 674.0000, 33.0000,  0, 0, 0
L -336.0000, 678.0000, 33.0000,  -345.0000, 659.0000, 33.0000,  0, 0, 0
L -354.0000, 687.0000, 33.0000,  -336.0000, 678.0000, 33.0000,  0, 0, 0
L -294.0000, 807.0000, 33.0000,  -354.0000, 687.0000, 33.0000,  0, 0, 0
L -273.0000, 798.0000, 33.0000,  -294.0000, 807.0000, 33.0000,  0, 0, 0
L -285.0000, 824.0000, 33.0000,  -266.0000, 817.0000, 33.0000,  0, 0, 0
L -226.0000, 944.0000, 33.0000,  -285.0000, 824.0000, 33.0000,  0, 0, 0
L -88.0000, 876.0000, 33.0000,  -226.0000, 944.0000, 33.0000,  0, 0, 0
L -148.0000, 756.0000, 33.0000,  -88.0000, 876.0000, 33.0000,  0, 0, 0
L -167.0000, 765.0000, 33.0000,  -148.0000, 756.0000, 33.0000,  0, 0, 0
L -176.0000, 747.0000, 33.0000,  -167.0000, 765.0000, 33.0000,  0, 0, 0
L -157.0000, 738.0000, 33.0000,  -176.0000, 747.0000, 33.0000,  0, 0, 0
L -217.0000, 618.0000, 33.0000,  -157.0000, 738.0000, 33.0000,  0, 0, 0
L -236.0000, 626.0000, 33.0000,  -217.0000, 618.0000, 33.0000,  0, 0, 0
L -246.0000, 610.0000, 33.0000,  -236.0000, 626.0000, 33.0000,  0, 0, 0
L -216.0000, 596.0000, 33.0000,  -246.0000, 610.0000, 33.0000,  0, 0, 0
L -233.0000, 562.0000, 33.0000,  -216.0000, 596.0000, 33.0000,  0, 0, 0
L -220.0000, 556.0000, 33.0000,  -233.0000, 562.0000, 33.0000,  0, 0, 0
L -250.0000, 494.0000, 33.0000,  -181.0000, 460.0000, 33.0000,  0, 0, 0
L -240.0000, 516.0000, 33.0000,  -250.0000, 494.0000, 33.0000,  0, 0, 0
L -208.0000, 579.0000, 33.0000,  -220.0000, 556.0000, 33.0000,  0, 0, 0
L -138.0000, 544.0000, 33.0000,  -208.0000, 579.0000, 33.0000,  0, 0, 0
L -266.0000, 817.0000, 33.0000,  -273.0000, 798.0000, 33.0000,  0, 0, 0
L 657.0000, -347.0000, 5.0000,  657.0000, -367.0000, 5.0000,  0, 0, 0
L 657.0000, -347.0000, 5.0000,  663.0000, -347.0000, 3.0000,  0, 0, 0
L 638.0000, -312.0000, 5.0000,  638.0000, -317.0000, 5.0000,  0, 0, 0
L 615.0000, -312.0000, 5.0000,  614.0000, -317.0000, 5.0000,  0, 0, 0
L 145.0000, 193.0000, 21.0000,  131.0000, 193.0000, 21.0000,  150, 150, 150
L 131.0000, 193.0000, 21.0000,  131.0000, 262.0000, 21.0000,  150, 150, 150
L 131.0000, 262.0000, 21.0000,  204.0000, 262.0000, 21.0000,  150, 150, 150
L 190.0000, 193.0000, 21.0000,  204.0000, 193.0000, 21.0000,  150, 150, 150
L 204.0000, 193.0000, 21.0000,  204.0000, 262.0000, 21.0000,  150, 150, 150
L -582.0000, 885.0000, 0.0000,  -628.8000, 908.4000, 0.0000,  0, 0, 0
L -624.0000, 794.0000, 0.0000,  -661.5000, 813.1000, 0.0000,  0, 0, 0
L -672.0000, 699.0000, 0.0000,  -713.2000, 719.6000, 0.0000,  0, 0, 0
L -714.0000, 607.0000, 0.0000,  -751.5000, 625.4000, 0.0000,  0, 0, 0
L 1495.0000, 355.0000, 0.0000,  1534.2000, 355.0000, 0.0000,  0, 0, 0
L 1494.0000, 238.0000, 0.0000,  1534.2000, 238.0000, 0.0000,  0, 0, 0
L 1511.0000, 155.0000, 0.0000,  1534.2000, 155.0000, 0.0000,  0, 0, 0
L 1511.0000, 38.0000, 0.0000,  1515.0000, 38.0000, 0.0000,  0, 0, 0
L 1511.0000, 38.0000, 0.0000,  1448.0000, 38.0000, 0.0000,  0, 0, 0
L 1515.0000, 38.0000, 0.0000,  1534.2000, 38.0000, 0.0000,  0, 0, 0
L 1254.0000, 217.0000, 30.0000,  1254.0000, 206.0000, 30.0000,  0, 0, 0
L 1254.0000, 188.0000, 30.0000,  1254.0000, 179.0000, 30.0000,  0, 0, 0
L 1270.0000, 255.0000, 30.0000,  1270.0000, 217.0000, 30.0000,  0, 0, 0
L 1275.0000, 179.0000, 30.0000,  1275.0000, 188.0000, 30.0000,  0, 0, 0
L 1254.0000, 217.0000, 30.0000,  1257.0000, 217.0000, 30.0000,  0, 0, 0
L 1270.0000, 217.0000, 30.0000,  1275.0000, 217.0000, 30.0000,  0, 0, 0
L 1254.0000, 206.0000, 30.0000,  1273.0000, 206.0000, 30.0000,  0, 0, 0
L 1275.0000, 206.0000, 30.0000,  1275.0000, 217.0000, 30.0000,  0, 0, 0
L 1273.0000, 206.0000, 30.0000,  1275.0000, 206.0000, 30.0000,  0, 0, 0
L 1254.0000, 188.0000, 30.0000,  1275.0000, 188.0000, 30.0000,  0, 0, 0
L 1257.0000, 129.0000, 30.0000,  1257.0000, 179.0000, 30.0000,  0, 0, 0
L 1275.0000, 179.0000, 30.0000,  1270.0000, 179.0000, 30.0000,  0, 0, 0
L 1257.0000, 179.0000, 30.0000,  1254.0000, 179.0000, 30.0000,  0, 0, 0
L 1087.0000, 255.0000, 30.0000,  1087.0000, 215.0000, 30.0000,  0, 0, 0
L 1087.0000, 186.1000, 30.0000,  1082.0000, 186.1000, 30.0000,  0, 0, 0
L 1087.0000, 186.1000, 30.0000,  1104.7997, 186.1000, 30.0000,  0, 0, 0
L 1082.0000, 207.0000, 30.0000,  1104.7997, 207.0000, 30.0000,  0, 0, 0
L 1104.7997, 207.0000, 30.0000,  1104.7997, 215.0000, 30.0000,  0, 0, 0
L 1101.0000, 215.0000, 30.0000,  1104.7997, 215.0000, 30.0000,  0, 0, 0
L 1104.7997, 186.1000, 30.0000,  1104.7997, 178.0000, 30.0000,  0, 0, 0
L 1082.0000, 186.1000, 30.0000,  1082.0000, 178.0000, 30.0000,  0, 0, 0
L 1104.7997, 178.0000, 30.0000,  1102.0000, 178.0000, 30.0000,  0, 0, 0
L 1087.0000, 178.0000, 30.0000,  1087.0000, 138.0000, 30.0000,  0, 0, 0
L 1087.0000, 178.0000, 30.0000,  1082.0000, 178.0000, 30.0000,  0, 0, 0
L 1102.0000, 178.0000, 30.0000,  1102.0000, 128.0000, 30.0000,  0, 0, 0
L 1102.0000, 128.0000, 30.0000,  1125.0000, 128.0000, 30.0000,  0, 0, 0
L 1125.0000, 100.0000, 30.0000,  1125.0000, 128.0000, 30.0000,  0, 0, 0
L 1100.0000, 262.0000, 30.0000,  1125.0000, 262.0000, 30.0000,  0, 0, 0
L 1125.0000, 288.0000, 30.0000,  1125.0000, 262.0000, 30.0000,  0, 0, 0
L 1232.0000, 103.0000, 30.0000,  1257.0000, 103.0000, 30.0000,  0, 0, 0
L 1233.0000, 291.0000, 30.0000,  1257.0000, 292.0000, 30.0000,  0, 0, 0
L 1257.0000, 292.0000, 30.0000,  1256.0000, 425.0000, 30.0000,  0, 0, 0
L 1327.0000, 188.0000, 30.0000,  1340.0000, 188.0000, 30.0000,  0, 0, 0
L 1327.0000, 255.0000, 30.0000,  1327.0000, 206.0000, 30.0000,  0, 0, 0
L 1327.0000, 206.0000, 30.0000,  1340.0000, 206.0000, 30.0000,  0, 0, 0
L 1327.0000, 188.0000, 30.0000,  1327.0000, 137.0000, 30.0000,  0, 0, 0
L 1435.0000, 38.0000, 0.0000,  1435.0000, 77.0000, 0.0000,  0, 0, 0
L 1452.0000, 77.0000, 0.0000,  1452.0000, 85.0000, 0.0000,  0, 0, 0
L 1432.0000, 287.0000, 0.0000,  1452.0000, 287.0000, 0.0000,  0, 0, 0
L 1435.0000, 277.0000, 0.0000,  1432.0000, 277.0000, 0.0000,  0, 0, 0
L 1432.0000, 277.0000, 0.0000,  1432.0000, 287.0000, 0.0000,  0, 0, 0
L 1452.0000, 277.0000, 0.0000,  1452.0000, 287.0000, 0.0000,  0, 0, 0
L 1448.0000, 277.0000, 0.0000,  1452.0000, 277.0000, 0.0000,  0, 0, 0
L 1448.0000, 315.0000, 0.0000,  1452.0000, 315.0000, 0.0000,  0, 0, 0
L 1448.0000, 315.0000, 0.0000,  1448.0000, 355.0000, 0.0000,  0, 0, 0
L 1452.0000, 307.0000, 0.0000,  1452.0000, 315.0000, 0.0000,  0, 0, 0
L 1432.0000, 307.0000, 0.0000,  1432.0000, 315.0000, 0.0000,  0, 0, 0
L 1452.0000, 307.0000, 0.0000,  1432.0000, 307.0000, 0.0000,  0, 0, 0
L 1435.0000, 315.0000, 0.0000,  1435.0000, 355.0000, 0.0000,  0, 0, 0
L 1435.0000, 315.0000, 0.0000,  1432.0000, 315.0000, 0.0000,  0, 0, 0
L 1431.0000, 85.0000, 0.0000,  1452.0000, 85.0000, 0.0000,  0, 0, 0
L 1448.0000, 117.0000, 0.0000,  1452.0000, 117.0000, 0.0000,  0, 0, 0
L 1435.0000, 117.0000, 0.0000,  1435.0000, 277.0000, 0.0000,  0, 0, 0
L 1435.0000, 117.0000, 0.0000,  1431.0000, 117.0000, 0.0000,  0, 0, 0
L 1431.0000, 107.0000, 0.0000,  1431.0000, 117.0000, 0.0000,  0, 0, 0
L 1435.0000, 77.0000, 0.0000,  1431.0000, 77.0000, 0.0000,  0, 0, 0
L 1431.0000, 85.0000, 0.0000,  1431.0000, 77.0000, 0.0000,  0, 0, 0
L 1452.0000, 106.8000, 0.0000,  1452.0000, 117.0000, 0.0000,  0, 0, 0
L 1435.0000, 106.8000, 0.0000,  1452.0000, 106.8000, 0.0000,  0, 0, 0
L 1030.0000, 138.0000, 30.0000,  1030.0000, 178.0000, 30.0000,  0, 0, 0
L 1033.0000, 186.1000, 30.0000,  1033.0000, 178.0000, 30.0000,  0, 0, 0
L 1033.0000, 186.1000, 30.0000,  1014.4000, 186.1000, 30.0000,  0, 0, 0
L 1033.0000, 207.0000, 30.0000,  1014.4000, 207.0000, 30.0000,  0, 0, 0
L 1017.0000, 225.0000, 30.0000,  1017.0000, 215.0000, 30.0000,  0, 0, 0
L 1087.0000, 215.0000, 30.0000,  1082.0000, 215.0000, 30.0000,  0, 0, 0
L 1030.0000, 215.0000, 30.0000,  1030.0000, 255.0000, 30.0000,  0, 0, 0
L 1017.0000, 215.0000, 30.0000,  1014.4000, 215.0000, 30.0000,  0, 0, 0
L 1014.4000, 215.0000, 30.0000,  1014.4000, 207.0000, 30.0000,  0, 0, 0
L 1014.4000, 186.1000, 30.0000,  1014.4000, 178.0000, 30.0000,  0, 0, 0
L 1033.0000, 215.0000, 30.0000,  1030.0000, 215.0000, 30.0000,  0, 0, 0
L 1033.0000, 207.0000, 30.0000,  1033.0000, 215.0000, 30.0000,  0, 0, 0
L 1033.0000, 178.0000, 30.0000,  1030.0000, 178.0000, 30.0000,  0, 0, 0
L 1017.0000, 178.0000, 30.0000,  1014.4000, 178.0000, 30.0000,  0, 0, 0
L 1017.0000, 178.0000, 30.0000,  1017.0000, 167.0000, 30.0000,  0, 0, 0
L 573.0000, 658.0000, 5.0000,  535.2000, 658.0000, 5.0000,  0, 0, 0
L 573.0000, 721.0000, 5.0000,  535.2000, 721.0000, 5.0000,  0, 0, 0
L 60.0000, -9.0000, 5.0000,  60.0000, 30.0000, 5.0000,  0, 0, 0
L 60.0000, 30.0000, 5.0000,  65.0000, 30.0000, 5.0000,  0, 0, 0
L 60.0000, -65.0000, 5.0000,  60.0000, -26.0000, 5.0000,  0, 0, 0
L -45.0000, -117.0000, 5.0000,  -45.0000, -26.0000, 5.0000,  0, 0, 0
L 49.0000, -132.0000, 5.0000,  -28.0000, -132.0000, 5.0000,  0, 0, 0
L 60.0000, -117.0000, 5.0000,  60.0000, -90.0000, 5.0000,  0, 0, 0
L 65.0000, -90.0000, 5.0000,  65.0000, -117.0000, 5.0000,  0, 0, 0
L 60.0000, -90.0000, 5.0000,  65.0000, -90.0000, 5.0000,  0, 0, 0
L 65.0000, -65.0000, 5.0000,  60.0000, -65.0000, 5.0000,  0, 0, 0
L 65.0000, -26.0000, 5.0000,  65.0000, -65.0000, 5.0000,  0, 0, 0
L -29.0000, 97.0000, 5.0000,  49.0000, 97.0000, 5.0000,  0, 0, 0
L 65.0000, 30.0000, 5.0000,  65.0000, -9.0000, 5.0000,  0, 0, 0
L -45.0000, -9.0000, 5.0000,  -45.0000, 81.0000, 5.0000,  0, 0, 0
L 60.0000, 56.0000, 5.0000,  60.0000, 81.0000, 5.0000,  0, 0, 0
L 65.0000, 56.0000, 5.0000,  60.0000, 56.0000, 5.0000,  0, 0, 0
L 65.0000, 81.0000, 5.0000,  65.0000, 56.0000, 5.0000,  0, 0, 0
L -40.0000, 81.0000, 5.0000,  -40.0000, -9.0000, 5.0000,  0, 0, 0
L -28.0000, 92.0000, 5.0000,  49.0000, 92.0000, 5.0000,  0, 0, 0
L 49.0000, 81.0000, 5.0000,  49.0000, 92.0000, 5.0000,  0, 0, 0
L 49.0000, 97.0000, 5.0000,  49.0000, 100.0000, 5.0000,  0, 0, 0
L 49.0000, 81.0000, 5.0000,  60.0000, 81.0000, 5.0000,  0, 0, 0
L 65.0000, 81.0000, 5.0000,  68.0000, 81.0000, 5.0000,  0, 0, 0
L 49.0000, 100.0000, 5.0000,  68.0000, 100.0000, 5.0000,  0, 0, 0
L 68.0000, 100.0000, 5.0000,  68.0000, 81.0000, 5.0000,  0, 0, 0
L -28.0000, 81.0000, 5.0000,  -28.0000, 92.0000, 5.0000,  0, 0, 0
L -29.0000, 97.0000, 5.0000,  -29.0000, 100.0000, 5.0000,  0, 0, 0
L -48.0000, 100.0000, 5.0000,  -29.0000, 100.0000, 5.0000,  0, 0, 0
L -48.0000, 100.0000, 5.0000,  -48.0000, 81.0000, 5.0000,  0, 0, 0
L -28.0000, 81.0000, 5.0000,  -40.0000, 81.0000, 5.0000,  0, 0, 0
L -45.0000, 81.0000, 5.0000,  -48.0000, 81.0000, 5.0000,  0, 0, 0
L 49.0000, -9.0000, 5.0000,  49.0000, -26.0000, 5.0000,  0, 0, 0
L -30.0000, -26.0000, 5.0000,  -30.0000, -9.0000, 5.0000,  0, 0, 0
L -40.0000, -26.0000, 5.0000,  -40.0000, -117.0000, 5.0000,  0, 0, 0
L -28.0000, -117.0000, 5.0000,  -40.0000, -117.0000, 5.0000,  0, 0, 0
L -45.0000, -117.0000, 5.0000,  -48.0000, -117.0000, 5.0000,  0, 0, 0
L -48.0000, -117.0000, 5.0000,  -48.0000, -136.0000, 5.0000,  0, 0, 0
L -48.0000, -136.0000, 5.0000,  -28.0000, -136.0000, 5.0000,  0, 0, 0
L -28.0000, -117.0000, 5.0000,  -28.0000, -127.0000, 5.0000,  0, 0, 0
L -28.0000, -132.0000, 5.0000,  -28.0000, -136.0000, 5.0000,  0, 0, 0
L -28.0000, -127.0000, 5.0000,  49.0000, -127.0000, 5.0000,  0, 0, 0
L 49.0000, -127.0000, 5.0000,  49.0000, -117.0000, 5.0000,  0, 0, 0
L 49.0000, -117.0000, 5.0000,  60.0000, -117.0000, 5.0000,  0, 0, 0
L 68.0000, -117.0000, 5.0000,  65.0000, -117.0000, 5.0000,  0, 0, 0
L 49.0000, -132.0000, 5.0000,  49.0000, -136.0000, 5.0000,  0, 0, 0
L 49.0000, -136.0000, 5.0000,  68.0000, -136.0000, 5.0000,  0, 0, 0
L 68.0000, -117.0000, 5.0000,  68.0000, -136.0000, 5.0000,  0, 0, 0
L 435.0000, 104.0000, 5.0000,  435.0000, 85.0000, 5.0000,  0, 0, 0
L 338.0000, 94.0000, 5.0000,  338.0000, 104.0000, 5.0000,  0, 0, 0
L 322.0000, 131.0000, 5.0000,  322.0000, 104.0000, 5.0000,  0, 0, 0
L 322.0000, 302.0000, 5.0000,  322.0000, 277.0000, 5.0000,  0, 0, 0
L 338.0000, 318.0000, 5.0000,  338.0000, 321.0000, 5.0000,  0, 0, 0
L 327.0000, 277.0000, 5.0000,  327.0000, 302.0000, 5.0000,  0, 0, 0
L 338.0000, 212.0000, 5.0000,  338.0000, 195.0000, 5.0000,  0, 0, 0
L 338.0000, 85.0000, 5.0000,  319.0000, 85.0000, 5.0000,  0, 0, 0
L 415.0000, 89.0000, 5.0000,  415.0000, 85.0000, 5.0000,  0, 0, 0
L 322.0000, 277.0000, 5.0000,  327.0000, 277.0000, 5.0000,  0, 0, 0
L 427.0000, 195.0000, 5.0000,  427.0000, 104.0000, 5.0000,  0, 0, 0
L 322.0000, 251.0000, 5.0000,  322.0000, 212.0000, 5.0000,  0, 0, 0
L 435.0000, 321.0000, 5.0000,  416.0000, 321.0000, 5.0000,  0, 0, 0
L 415.0000, 313.0000, 5.0000,  338.0000, 313.0000, 5.0000,  0, 0, 0
L 415.0000, 302.0000, 5.0000,  427.0000, 302.0000, 5.0000,  0, 0, 0
L 319.0000, 104.0000, 5.0000,  322.0000, 104.0000, 5.0000,  0, 0, 0
L 435.0000, 321.0000, 5.0000,  435.0000, 302.0000, 5.0000,  0, 0, 0
L 415.0000, 104.0000, 5.0000,  415.0000, 94.0000, 5.0000,  0, 0, 0
L 338.0000, 321.0000, 5.0000,  319.0000, 321.0000, 5.0000,  0, 0, 0
L 427.0000, 302.0000, 5.0000,  427.0000, 212.0000, 5.0000,  0, 0, 0
L 322.0000, 195.0000, 5.0000,  322.0000, 156.0000, 5.0000,  0, 0, 0
L 327.0000, 131.0000, 5.0000,  322.0000, 131.0000, 5.0000,  0, 0, 0
L 322.0000, 302.0000, 5.0000,  319.0000, 302.0000, 5.0000,  0, 0, 0
L 338.0000, 302.0000, 5.0000,  338.0000, 313.0000, 5.0000,  0, 0, 0
L 432.0000, 302.0000, 5.0000,  435.0000, 302.0000, 5.0000,  0, 0, 0
L 435.0000, 85.0000, 5.0000,  415.0000, 85.0000, 5.0000,  0, 0, 0
L 432.0000, 104.0000, 5.0000,  435.0000, 104.0000, 5.0000,  0, 0, 0
L 432.0000, 212.0000, 5.0000,  432.0000, 302.0000, 5.0000,  0, 0, 0
L 327.0000, 212.0000, 5.0000,  327.0000, 251.0000, 5.0000,  0, 0, 0
L 415.0000, 94.0000, 5.0000,  338.0000, 94.0000, 5.0000,  0, 0, 0
L 432.0000, 104.0000, 5.0000,  432.0000, 195.0000, 5.0000,  0, 0, 0
L 338.0000, 104.0000, 5.0000,  327.0000, 104.0000, 5.0000,  0, 0, 0
L 416.0000, 318.0000, 5.0000,  338.0000, 318.0000, 5.0000,  0, 0, 0
L 327.0000, 156.0000, 5.0000,  327.0000, 195.0000, 5.0000,  0, 0, 0
L 417.0000, 195.0000, 5.0000,  417.0000, 212.0000, 5.0000,  0, 0, 0
L 327.0000, 251.0000, 5.0000,  322.0000, 251.0000, 5.0000,  0, 0, 0
L 338.0000, 89.0000, 5.0000,  415.0000, 89.0000, 5.0000,  0, 0, 0
L 415.0000, 104.0000, 5.0000,  427.0000, 104.0000, 5.0000,  0, 0, 0
L 416.0000, 318.0000, 5.0000,  416.0000, 321.0000, 5.0000,  0, 0, 0
L 338.0000, 89.0000, 5.0000,  338.0000, 85.0000, 5.0000,  0, 0, 0
L 327.0000, 104.0000, 5.0000,  327.0000, 131.0000, 5.0000,  0, 0, 0
L 322.0000, 156.0000, 5.0000,  327.0000, 156.0000, 5.0000,  0, 0, 0
L 319.0000, 104.0000, 5.0000,  319.0000, 85.0000, 5.0000,  0, 0, 0
L 338.0000, 302.0000, 5.0000,  327.0000, 302.0000, 5.0000,  0, 0, 0
L 319.0000, 321.0000, 5.0000,  319.0000, 302.0000, 5.0000,  0, 0, 0
L 415.0000, 302.0000, 5.0000,  415.0000, 313.0000, 5.0000,  0, 0, 0
L 328.0000, 51.0000, 5.0000,  301.0000, 51.0000, 5.0000,  0, 0, 0
L 301.0000, 56.0000, 5.0000,  328.0000, 56.0000, 5.0000,  0, 0, 0
L 301.0000, 51.0000, 5.0000,  301.0000, 56.0000, 5.0000,  0, 0, 0
L 276.0000, 51.0000, 5.0000,  237.0000, 51.0000, 5.0000,  0, 0, 0
L 328.0000, -54.0000, 5.0000,  237.0000, -54.0000, 5.0000,  0, 0, 0
L 114.0000, -38.0000, 5.0000,  111.0000, -38.0000, 5.0000,  0, 0, 0
L 111.0000, -57.0000, 5.0000,  111.0000, -38.0000, 5.0000,  0, 0, 0
L 220.0000, 40.0000, 5.0000,  237.0000, 40.0000, 5.0000,  0, 0, 0
L 220.0000, 51.0000, 5.0000,  181.0000, 51.0000, 5.0000,  0, 0, 0
L 237.0000, -39.0000, 5.0000,  220.0000, -39.0000, 5.0000,  0, 0, 0
L 181.0000, 51.0000, 5.0000,  181.0000, 56.0000, 5.0000,  0, 0, 0
L 130.0000, -54.0000, 5.0000,  130.0000, -57.0000, 5.0000,  0, 0, 0
L 111.0000, -57.0000, 5.0000,  130.0000, -57.0000, 5.0000,  0, 0, 0
L 130.0000, -37.0000, 5.0000,  130.0000, -49.0000, 5.0000,  0, 0, 0
L 155.0000, 51.0000, 5.0000,  130.0000, 51.0000, 5.0000,  0, 0, 0
L 237.0000, -49.0000, 5.0000,  328.0000, -49.0000, 5.0000,  0, 0, 0
L 276.0000, 56.0000, 5.0000,  276.0000, 51.0000, 5.0000,  0, 0, 0
L 343.0000, 40.0000, 5.0000,  343.0000, -37.0000, 5.0000,  0, 0, 0
L 111.0000, 40.0000, 5.0000,  111.0000, 59.0000, 5.0000,  0, 0, 0
L 119.0000, -37.0000, 5.0000,  119.0000, 40.0000, 5.0000,  0, 0, 0
L 347.0000, 40.0000, 5.0000,  347.0000, 59.0000, 5.0000,  0, 0, 0
L 328.0000, -54.0000, 5.0000,  328.0000, -57.0000, 5.0000,  0, 0, 0
L 328.0000, 59.0000, 5.0000,  347.0000, 59.0000, 5.0000,  0, 0, 0
L 343.0000, 40.0000, 5.0000,  347.0000, 40.0000, 5.0000,  0, 0, 0
L 328.0000, -37.0000, 5.0000,  328.0000, -49.0000, 5.0000,  0, 0, 0
L 130.0000, 56.0000, 5.0000,  155.0000, 56.0000, 5.0000,  0, 0, 0
L 130.0000, 40.0000, 5.0000,  130.0000, 51.0000, 5.0000,  0, 0, 0
L 328.0000, -57.0000, 5.0000,  347.0000, -57.0000, 5.0000,  0, 0, 0
L 114.0000, 40.0000, 5.0000,  111.0000, 40.0000, 5.0000,  0, 0, 0
L 328.0000, -37.0000, 5.0000,  338.0000, -37.0000, 5.0000,  0, 0, 0
L 130.0000, 40.0000, 5.0000,  119.0000, 40.0000, 5.0000,  0, 0, 0
L 181.0000, 56.0000, 5.0000,  220.0000, 56.0000, 5.0000,  0, 0, 0
L 130.0000, 56.0000, 5.0000,  130.0000, 59.0000, 5.0000,  0, 0, 0
L 328.0000, 59.0000, 5.0000,  328.0000, 56.0000, 5.0000,  0, 0, 0
L 343.0000, -37.0000, 5.0000,  347.0000, -37.0000, 5.0000,  0, 0, 0
L 237.0000, 56.0000, 5.0000,  276.0000, 56.0000, 5.0000,  0, 0, 0
L 114.0000, -38.0000, 5.0000,  114.0000, 40.0000, 5.0000,  0, 0, 0
L 338.0000, -37.0000, 5.0000,  338.0000, 40.0000, 5.0000,  0, 0, 0
L 338.0000, 40.0000, 5.0000,  328.0000, 40.0000, 5.0000,  0, 0, 0
L 130.0000, -37.0000, 5.0000,  119.0000, -37.0000, 5.0000,  0, 0, 0
L 347.0000, -57.0000, 5.0000,  347.0000, -37.0000, 5.0000,  0, 0, 0
L 328.0000, 40.0000, 5.0000,  328.0000, 51.0000, 5.0000,  0, 0, 0
L 155.0000, 56.0000, 5.0000,  155.0000, 51.0000, 5.0000,  0, 0, 0
L 111.0000, 59.0000, 5.0000,  130.0000, 59.0000, 5.0000,  0, 0, 0
L -30.0000, -9.0000, 5.0000,  -40.0000, -9.0000, 5.0000,  0, 0, 0
L -48.0000, -9.0000, 5.0000,  -48.0000, -26.0000, 5.0000,  0, 0, 0
L -45.0000, -9.0000, 5.0000,  -48.0000, -9.0000, 5.0000,  0, 0, 0
L -30.0000, -26.0000, 5.0000,  -40.0000, -26.0000, 5.0000,  0, 0, 0
L -45.0000, -26.0000, 5.0000,  -48.0000, -26.0000, 5.0000,  0, 0, 0
L 49.0000, -26.0000, 5.0000,  60.0000, -26.0000, 5.0000,  0, 0, 0
L 65.0000, -26.0000, 5.0000,  68.0000, -26.0000, 5.0000,  0, 0, 0
L 49.0000, -9.0000, 5.0000,  60.0000, -9.0000, 5.0000,  0, 0, 0
L 65.0000, -9.0000, 5.0000,  68.0000, -9.0000, 5.0000,  0, 0, 0
L 68.0000, -9.0000, 5.0000,  68.0000, -26.0000, 5.0000,  0, 0, 0
L 338.0000, 195.0000, 5.0000,  327.0000, 195.0000, 5.0000,  0, 0, 0
L 322.0000, 195.0000, 5.0000,  319.0000, 195.0000, 5.0000,  0, 0, 0
L 338.0000, 212.0000, 5.0000,  327.0000, 212.0000, 5.0000,  0, 0, 0
L 319.0000, 212.0000, 5.0000,  319.0000, 195.0000, 5.0000,  0, 0, 0
L 322.0000, 212.0000, 5.0000,  319.0000, 212.0000, 5.0000,  0, 0, 0
L 417.0000, 195.0000, 5.0000,  427.0000, 195.0000, 5.0000,  0, 0, 0
L 432.0000, 195.0000, 5.0000,  435.0000, 195.0000, 5.0000,  0, 0, 0
L 417.0000, 212.0000, 5.0000,  427.0000, 212.0000, 5.0000,  0, 0, 0
L 435.0000, 212.0000, 5.0000,  435.0000, 195.0000, 5.0000,  0, 0, 0
L 432.0000, 212.0000, 5.0000,  435.0000, 212.0000, 5.0000,  0, 0, 0
L 237.0000, 40.0000, 5.0000,  237.0000, 51.0000, 5.0000,  0, 0, 0
L 237.0000, 56.0000, 5.0000,  237.0000, 59.0000, 5.0000,  0, 0, 0
L 220.0000, 40.0000, 5.0000,  220.0000, 51.0000, 5.0000,  0, 0, 0
L 220.0000, 56.0000, 5.0000,  220.0000, 59.0000, 5.0000,  0, 0, 0
L 220.0000, -54.0000, 5.0000,  220.0000, -57.0000, 5.0000,  0, 0, 0
L 237.0000, -39.0000, 5.0000,  237.0000, -49.0000, 5.0000,  0, 0, 0
L 237.0000, -54.0000, 5.0000,  237.0000, -57.0000, 5.0000,  0, 0, 0
L 237.0000, -57.0000, 5.0000,  220.0000, -57.0000, 5.0000,  0, 0, 0
L 130.0000, -49.0000, 5.0000,  220.0000, -49.0000, 5.0000,  0, 0, 0
L 220.0000, -39.0000, 5.0000,  220.0000, -49.0000, 5.0000,  0, 0, 0
L 220.0000, -54.0000, 5.0000,  130.0000, -54.0000, 5.0000,  0, 0, 0
L 237.0000, 59.0000, 5.0000,  220.0000, 59.0000, 5.0000,  0, 0, 0
L 112.0000, 171.0000, 0.0000,  112.0000, 279.0000, 0.0000,  150, 150, 150
L 112.0000, 279.0000, 0.0000,  221.0000, 280.0000, 0.0000,  150, 150, 150
L 143.0000, 171.0000, 0.0000,  112.0000, 171.0000, 0.0000,  150, 150, 150
L 221.0000, 171.0000, 0.0000,  190.0000, 171.0000, 0.0000,  150, 150, 150
L 221.0000, 171.0000, 0.0000,  221.0000, 280.0000, 0.0000,  150, 150, 150
L 179.0000, 233.5000, 21.0000,  177.5000, 239.2000, 21.0000,  0, 0, 255
L 177.5000, 239.2000, 21.0000,  173.2000, 243.5000, 21.0000,  0, 0, 255
L 173.2000, 243.5000, 21.0000,  167.5000, 245.0000, 21.0000,  0, 0, 255
L 167.5000, 245.0000, 21.0000,  161.8000, 243.5000, 21.0000,  0, 0, 255
L 161.8000, 243.5000, 21.0000,  157.5000, 239.2000, 21.0000,  0, 0, 255
L 157.5000, 239.2000, 21.0000,  156.0000, 233.5000, 21.0000,  0, 0, 255
L 156.0000, 233.5000, 21.0000,  157.5000, 227.8000, 21.0000,  0, 0, 255
L 157.5000, 227.8000, 21.0000,  161.8000, 223.5000, 21.0000,  0, 0, 255
L 161.8000, 223.5000, 21.0000,  167.5000, 222.0000, 21.0000,  0, 0, 255
L 167.5000, 222.0000, 21.0000,  173.2000, 223.5000, 21.0000,  0, 0, 255
L 173.2000, 223.5000, 21.0000,  177.5000, 227.8000, 21.0000,  0, 0, 255
L 177.5000, 227.8000, 21.0000,  179.0000, 233.5000, 21.0000,  0, 0, 255
L 624.0000, 75.0000, 0.0000,  621.0000, 73.0000, 0.0000,  0, 0, 0
L 610.0000, 58.0000, 0.0000,  607.0000, 64.0000, 0.0000,  0, 0, 0
L 584.0000, 56.0000, 0.0000,  592.0000, 58.0000, 0.0000,  0, 0, 0
L 624.0000, 65.0000, 0.0000,  610.0000, 58.0000, 0.0000,  0, 0, 0
L 604.0000, 97.0000, 0.0000,  573.0000, 85.0000, 0.0000,  0, 0, 0
L 621.0000, 73.0000, 0.0000,  624.0000, 65.0000, 0.0000,  0, 0, 0
L 592.0000, 58.0000, 0.0000,  595.0000, 52.0000, 0.0000,  0, 0, 0
L 616.0000, 96.0000, 0.0000,  624.0000, 75.0000, 0.0000,  0, 0, 0
L 615.0000, 68.0000, 0.0000,  604.0000, 97.0000, 0.0000,  0, 0, 0
L 612.0000, 96.0000, 0.0000,  616.0000, 96.0000, 0.0000,  0, 0, 0
L 608.0000, 105.0000, 0.0000,  612.0000, 96.0000, 0.0000,  0, 0, 0
L 607.0000, 64.0000, 0.0000,  615.0000, 68.0000, 0.0000,  0, 0, 0
L 573.0000, 85.0000, 0.0000,  584.0000, 56.0000, 0.0000,  0, 0, 0
L 564.0000, 89.0000, 0.0000,  608.0000, 105.0000, 0.0000,  0, 0, 0
L 565.0000, 77.0000, 0.0000,  568.0000, 79.0000, 0.0000,  0, 0, 0
L 568.0000, 79.0000, 0.0000,  564.0000, 89.0000, 0.0000,  0, 0, 0
L 574.0000, 55.0000, 0.0000,  565.0000, 77.0000, 0.0000,  0, 0, 0
L 577.0000, 56.0000, 0.0000,  574.0000, 55.0000, 0.0000,  0, 0, 0
L 577.0000, 56.0000, 0.0000,  580.0000, 48.0000, 0.0000,  0, 0, 0
L 580.0000, 48.0000, 0.0000,  580.6000, 46.5000, 0.0000,  0, 0, 0
L 595.0000, 52.0000, 0.0000,  582.0000, 47.0000, 0.0000,  0, 0, 0
L 582.0000, 47.0000, 0.0000,  580.6000, 46.5000, 0.0000,  0, 0, 0
L 147.0000, -692.0000, 48.0000,  185.0000, -692.0000, 48.0000,  150, 150, 150
L 147.0000, -809.0000, 0.0000,  185.0000, -809.0000, 0.0000,  150, 150, 150
L 147.0000, -750.5000, 24.0000,  147.0000, -765.1000, 18.0000,  0, 255, 0
L 185.0000, -750.5000, 24.0000,  185.0000, -735.9000, 30.0000,  0, 255, 0
L 147.0000, -750.5000, 24.0000,  185.0000, -750.5000, 24.0000,  150, 150, 150
L 147.0000, -779.8000, 12.0000,  147.0000, -794.4000, 6.0000,  0, 255, 0
L 185.0000, -779.8000, 12.0000,  185.0000, -765.1000, 18.0000,  0, 255, 0
L 147.0000, -779.8000, 12.0000,  185.0000, -779.8000, 12.0000,  150, 150, 150
L 147.0000, -721.2000, 36.0000,  147.0000, -735.9000, 30.0000,  0, 255, 0
L 185.0000, -721.2000, 36.0000,  185.0000, -706.6000, 42.0000,  0, 255, 0
L 147.0000, -721.2000, 36.0000,  185.0000, -721.2000, 36.0000,  150, 150, 150
L 147.0000, -735.9000, 30.0000,  147.0000, -750.5000, 24.0000,  0, 255, 0
L 185.0000, -735.9000, 30.0000,  185.0000, -721.2000, 36.0000,  0, 255, 0
L 147.0000, -735.9000, 30.0000,  185.0000, -735.9000, 30.0000,  150, 150, 150
L 147.0000, -706.6000, 42.0000,  147.0000, -721.2000, 36.0000,  0, 255, 0
L 185.0000, -706.6000, 42.0000,  185.0000, -692.0000, 48.0000,  0, 255, 0
L 147.0000, -706.6000, 42.0000,  185.0000, -706.6000, 42.0000,  150, 150, 150
L 147.0000, -765.1000, 18.0000,  147.0000, -779.8000, 12.0000,  0, 255, 0
L 185.0000, -765.1000, 18.0000,  185.0000, -750.5000, 24.0000,  0, 255, 0
L 147.0000, -765.1000, 18.0000,  185.0000, -765.1000, 18.0000,  150, 150, 150
L 147.0000, -794.4000, 6.0000,  147.0000, -809.0000, 0.0000,  0, 255, 0
L 185.0000, -794.4000, 6.0000,  185.0000, -779.8000, 12.0000,  0, 255, 0
L 147.0000, -794.4000, 6.0000,  185.0000, -794.4000, 6.0000,  150, 150, 150
L 205.0000, -676.0000, 48.0000,  225.0000, -676.0000, 48.0000,  150, 150, 150
L 225.0000, -692.0000, 48.0000,  225.0000, -676.0000, 48.0000,  0, 255, 0
L 129.0000, -673.0000, 48.0000,  108.0000, -673.0000, 48.0000,  150, 150, 150
L 108.0000, -692.0000, 48.0000,  108.0000, -673.0000, 48.0000,  0, 255, 0
L 205.0000, -655.0000, 70.0000,  128.0000, -655.0000, 70.0000,  0, 255, 255
L 225.0000, -623.0000, 70.0000,  166.5000, -623.0000, 70.0000,  255, 255, 0
L 108.0000, -623.0000, 70.0000,  108.0000, -656.1000, 70.0000,  0, 255, 255
L 129.0000, -673.0000, 48.0000,  128.8000, -668.5000, 53.5000,  0, 255, 255
L 128.0000, -655.0000, 70.0000,  108.0000, -656.1000, 70.0000,  150, 150, 150
L 225.0000, -676.0000, 48.0000,  225.0000, -670.5000, 53.5000,  0, 255, 255
L 108.0000, -673.0000, 48.0000,  108.0000, -668.8000, 53.5000,  0, 255, 255
L 400.0000, -496.0000, 0.0000,  -68.0000, -496.0000, 0.0000,  0, 0, 0
L 128.0000, -655.0000, 48.0000,  205.0000, -655.0000, 48.0000,  0, 255, 0
L 205.0000, -676.0000, 48.0000,  205.0000, -670.8000, 53.5000,  0, 255, 255
L 225.0000, -653.9000, 70.0000,  225.0000, -623.0000, 70.0000,  0, 255, 255
L 205.0000, -655.0000, 70.0000,  225.0000, -653.9000, 70.0000,  150, 150, 150
L 128.5000, -664.0000, 59.0000,  128.2000, -659.5000, 64.5000,  0, 255, 255
L 108.0000, -664.6000, 59.0000,  108.0000, -660.3000, 64.5000,  0, 255, 255
L 128.5000, -664.0000, 59.0000,  108.0000, -664.6000, 59.0000,  150, 150, 150
L 108.0000, -668.8000, 53.5000,  108.0000, -664.6000, 59.0000,  0, 255, 255
L 128.8000, -668.5000, 53.5000,  128.5000, -664.0000, 59.0000,  0, 255, 255
L 108.0000, -668.8000, 53.5000,  128.8000, -668.5000, 53.5000,  150, 150, 150
L 108.0000, -660.3000, 64.5000,  108.0000, -656.1000, 70.0000,  0, 255, 255
L 128.2000, -659.5000, 64.5000,  128.0000, -655.0000, 70.0000,  0, 255, 255
L 108.0000, -660.3000, 64.5000,  128.2000, -659.5000, 64.5000,  150, 150, 150
L 205.0000, -665.5000, 59.0000,  205.0000, -660.2000, 64.5000,  0, 255, 255
L 225.0000, -664.9000, 59.0000,  225.0000, -659.4000, 64.5000,  0, 255, 255
L 205.0000, -665.5000, 59.0000,  225.0000, -664.9000, 59.0000,  150, 150, 150
L 205.0000, -660.2000, 64.5000,  205.0000, -655.0000, 70.0000,  0, 255, 255
L 225.0000, -659.4000, 64.5000,  225.0000, -653.9000, 70.0000,  0, 255, 255
L 205.0000, -660.2000, 64.5000,  225.0000, -659.4000, 64.5000,  150, 150, 150
L 205.0000, -670.8000, 53.5000,  205.0000, -665.5000, 59.0000,  0, 255, 255
L 225.0000, -670.5000, 53.5000,  225.0000, -664.9000, 59.0000,  0, 255, 255
L 205.0000, -670.8000, 53.5000,  225.0000, -670.5000, 53.5000,  150, 150, 150
L 166.5000, -623.0000, 70.0000,  108.0000, -623.0000, 70.0000,  255, 255, 0
L 186.0000, -636.0000, 70.0000,  147.0000, -636.0000, 70.0000,  255, 255, 0
L 166.5000, -623.0000, 70.0000,  147.0000, -636.0000, 70.0000,  255, 255, 0
L 166.5000, -623.0000, 70.0000,  186.0000, -636.0000, 70.0000,  255, 255, 0
L 166.0000, -496.5000, 47.0000,  146.5000, -483.5000, 47.0000,  255, 255, 0
L 146.5000, -483.5000, 47.0000,  185.5000, -483.5000, 47.0000,  255, 255, 0
L 166.0000, -496.5000, 47.0000,  185.5000, -483.5000, 47.0000,  255, 255, 0
L 166.0000, -496.5000, 47.0000,  35.9000, -496.8000, 47.0000,  255, 255, 0
L 16.4000, -483.8000, 47.0000,  55.3000, -483.8000, 47.0000,  255, 255, 0
L 35.9000, -496.8000, 47.0000,  55.3000, -483.8000, 47.0000,  255, 255, 0
L 35.9000, -496.8000, 47.0000,  16.4000, -483.8000, 47.0000,  255, 255, 0
L 35.9000, -496.8000, 47.0000,  -68.0000, -497.0000, 47.0000,  255, 255, 0
L 284.4000, -483.2000, 47.0000,  323.3000, -483.2000, 47.0000,  255, 255, 0
L 303.9000, -496.2000, 47.0000,  323.3000, -483.2000, 47.0000,  255, 255, 0
L 303.9000, -496.2000, 47.0000,  284.4000, -483.2000, 47.0000,  255, 255, 0
L 303.9000, -496.2000, 47.0000,  166.0000, -496.5000, 47.0000,  255, 255, 0
L -557.0000, 669.0000, 0.0000,  -531.0000, 722.0000, 0.0000,  150, 150, 150
L -505.0000, 648.0000, 33.0000,  -484.0000, 691.0000, 33.0000,  150, 150, 150
L -506.5000, 708.0000, 16.5000,  -500.4000, 704.5000, 20.6000,  0, 0, 0
L -532.0000, 657.0000, 16.5000,  -538.2000, 660.0000, 12.4000,  0, 0, 0
L -506.5000, 708.0000, 16.5000,  -532.0000, 657.0000, 16.5000,  150, 150, 150
L -494.2000, 701.0000, 24.8000,  -488.1000, 697.5000, 28.9000,  0, 0, 0
L -519.5000, 651.0000, 24.8000,  -525.8000, 654.0000, 20.6000,  0, 0, 0
L -494.2000, 701.0000, 24.8000,  -519.5000, 651.0000, 24.8000,  150, 150, 150
L -518.8000, 715.0000, 8.2000,  -512.6000, 711.5000, 12.4000,  0, 0, 0
L -544.5000, 663.0000, 8.2000,  -550.8000, 666.0000, 4.1000,  0, 0, 0
L -518.8000, 715.0000, 8.2000,  -544.5000, 663.0000, 8.2000,  150, 150, 150
L -512.6000, 711.5000, 12.4000,  -506.5000, 708.0000, 16.5000,  0, 0, 0
L -538.2000, 660.0000, 12.4000,  -544.5000, 663.0000, 8.2000,  0, 0, 0
L -512.6000, 711.5000, 12.4000,  -538.2000, 660.0000, 12.4000,  150, 150, 150
L -524.9000, 718.5000, 4.1000,  -518.8000, 715.0000, 8.2000,  0, 0, 0
L -550.8000, 666.0000, 4.1000,  -557.0000, 669.0000, 0.0000,  0, 0, 0
L -524.9000, 718.5000, 4.1000,  -550.8000, 666.0000, 4.1000,  150, 150, 150
L -500.4000, 704.5000, 20.6000,  -494.2000, 701.0000, 24.8000,  0, 0, 0
L -525.8000, 654.0000, 20.6000,  -532.0000, 657.0000, 16.5000,  0, 0, 0
L -500.4000, 704.5000, 20.6000,  -525.8000, 654.0000, 20.6000,  150, 150, 150
L -488.1000, 697.5000, 28.9000,  -482.0000, 694.0000, 33.0000,  0, 0, 0
L -513.2000, 648.0000, 28.9000,  -519.5000, 651.0000, 24.8000,  0, 0, 0
L -488.1000, 697.5000, 28.9000,  -513.2000, 648.0000, 28.9000,  150, 150, 150
L 725.3000, 332.0000, -0.2000,  728.2000, 339.5000, -0.2000,  150, 150, 150
L 728.2000, 339.5000, -0.2000,  742.9000, 346.3000, -0.2000,  150, 150, 150
L 731.8000, 317.5000, -0.2000,  725.3000, 332.0000, -0.2000,  150, 150, 150
L 742.9000, 346.3000, -0.2000,  750.7000, 343.4000, -0.2000,  150, 150, 150
L 734.0000, 335.3000, -0.2000,  742.2000, 339.0000, -0.2000,  0, 0, 255
L 739.8000, 321.3000, -0.2000,  736.1000, 323.0000, -0.2000,  0, 0, 255
L 757.3000, 328.5000, -0.2000,  754.2000, 321.0000, -0.2000,  150, 150, 150
L 732.1000, 331.3000, -0.2000,  734.0000, 335.3000, -0.2000,  0, 0, 255
L 736.1000, 323.0000, -0.2000,  732.1000, 331.3000, -0.2000,  0, 0, 255
L 746.2000, 337.6000, -0.2000,  750.2000, 329.3000, -0.2000,  0, 0, 255
L 750.7000, 343.4000, -0.2000,  757.3000, 328.5000, -0.2000,  150, 150, 150
L 739.2000, 314.4000, -0.2000,  731.8000, 317.5000, -0.2000,  150, 150, 150
L 754.2000, 321.0000, -0.2000,  739.2000, 314.4000, -0.2000,  150, 150, 150
L 750.2000, 329.3000, -0.2000,  748.6000, 325.3000, -0.2000,  0, 0, 255
L 742.2000, 339.0000, -0.2000,  746.2000, 337.6000, -0.2000,  0, 0, 255
L 748.6000, 325.3000, -0.2000,  739.8000, 321.3000, -0.2000,  0, 0, 255
L 743.0000, 335.2000, -0.2000,  746.3000, 328.3000, -0.2000,  0, 0, 0
L 748.8000, 327.5000, -0.2000,  743.9000, 337.8000, -0.2000,  0, 0, 255
L 733.5000, 332.8000, -0.2000,  743.9000, 337.8000, -0.2000,  0, 0, 255
L 738.4000, 322.7000, -0.2000,  748.8000, 327.5000, -0.2000,  0, 0, 255
L 738.4000, 322.7000, -0.2000,  733.5000, 332.8000, -0.2000,  0, 0, 255
L 746.3000, 328.3000, -0.2000,  739.3000, 325.1000, -0.2000,  0, 0, 0
L 736.0000, 331.9000, -0.2000,  743.0000, 335.2000, -0.2000,  0, 0, 0
L 736.0000, 331.9000, -0.2000,  739.3000, 325.1000, -0.2000,  0, 0, 0
L 604.0000, 301.0000, 1.0000,  609.0000, 332.0000, 1.0000,  0, 0, 0
L 649.0000, 322.0000, 1.0000,  650.0000, 331.0000, 1.0000,  0, 0, 0
L 620.0000, 336.0000, 1.0000,  605.0000, 339.0000, 1.0000,  0, 0, 0
L 648.0000, 298.0000, 1.0000,  652.0000, 321.0000, 1.0000,  0, 0, 0
L 618.0000, 330.0000, 1.0000,  620.0000, 336.0000, 1.0000,  0, 0, 0
L 600.0000, 330.0000, 1.0000,  595.0000, 306.0000, 1.0000,  0, 0, 0
L 652.0000, 321.0000, 1.0000,  649.0000, 322.0000, 1.0000,  0, 0, 0
L 605.0000, 339.0000, 1.0000,  600.0000, 330.0000, 1.0000,  0, 0, 0
L 635.0000, 334.0000, 1.0000,  634.0000, 327.0000, 1.0000,  0, 0, 0
L 650.0000, 331.0000, 1.0000,  635.0000, 334.0000, 1.0000,  0, 0, 0
L 642.0000, 287.0000, 1.0000,  645.0000, 297.0000, 1.0000,  0, 0, 0
L 609.0000, 332.0000, 1.0000,  618.0000, 330.0000, 1.0000,  0, 0, 0
L 598.0000, 306.0000, 1.0000,  596.0000, 297.0000, 1.0000,  0, 0, 0
L 634.0000, 327.0000, 1.0000,  642.0000, 326.0000, 1.0000,  0, 0, 0
L 645.0000, 297.0000, 1.0000,  648.0000, 298.0000, 1.0000,  0, 0, 0
L 595.0000, 306.0000, 1.0000,  598.0000, 306.0000, 1.0000,  0, 0, 0
L 637.0000, 295.0000, 1.0000,  604.0000, 301.0000, 1.0000,  0, 0, 0
L 596.0000, 297.0000, 1.0000,  642.0000, 287.0000, 1.0000,  0, 0, 0
L 642.0000, 326.0000, 1.0000,  637.0000, 295.0000, 1.0000,  0, 0, 0
