P -40.0000, -171.0000, 0.0000, 255, 0, 0, 3, to_Barindu,_Hanging_Gardens
P -1069.7791, 2545.9131, 49.0010, 128, 64, 0, 2, Sewage_Slime_(Rare)
P -1380.7990, 2597.2139, 13.1730, 255, 255, 255, 2, Incinerator
P -608.3490, 2353.7837, -46.0290, 255, 255, 255, 2, Obelisk
P -375.6669, 996.1373, -15.1767, 127, 64, 0, 2, Cryxtetl_(Hunter)
P -261.2885, 1212.6131, -29.8980, 127, 64, 0, 2, Cryxtetl_(Hunter)
P -91.2298, 1177.6212, -15.2985, 127, 64, 0, 2, Cryxtetl_(Hunter)
P 67.2803, 345.5941, -15.2236, 127, 64, 0, 2, Cryxtetl_(Hunter)
P -582.6288, 2174.4356, -42.6363, 127, 64, 0, 2, Cryxtetl_(Hunter)
P -1245.6589, 1048.1428, 25.9205, 127, 64, 0, 2, Diseased_Larva_(Hunter)
P -298.2329, 1339.3535, -15.7317, 127, 64, 0, 2, Diseased_Larva_(Hunter)
P -103.2716, 1703.8398, -20.8510, 127, 64, 0, 2, Diseased_Larva_(Hunter)
P 54.5179, 1745.1149, -53.3469, 127, 64, 0, 2, Diseased_Larva_(Hunter)
P -1348.1963, 2199.7739, -8.7641, 127, 64, 0, 2, Slime_Devourer_(Hunter)
P -988.2928, 1759.1034, -13.3704, 127, 64, 0, 2, Slime_Devourer_(Hunter)
P -354.0258, 1249.6892, -38.0495, 127, 64, 0, 2, Slime_Devourer_(Hunter)
P 164.2865, 717.8826, -47.9128, 127, 64, 0, 2, Slime_Devourer_(Hunter)
