L 196.0000, 2.0000, -9.0000,  208.0000, -0.0000, -3.0000,  0, 0, 0
L 208.0000, -0.0000, -3.0000,  208.0000, -8.0000, -3.0000,  0, 0, 0
L 208.0000, -8.0000, -3.0000,  318.0000, -8.0000, -3.0000,  0, 0, 0
L 318.0000, -8.0000, -3.0000,  321.0000, -11.0000, -3.0000,  0, 0, 0
L 321.0000, -11.0000, -3.0000,  321.0000, -170.0000, -3.0000,  0, 0, 0
L 321.0000, -170.0000, -3.0000,  571.0000, -170.0000, -3.0000,  0, 0, 0
L 571.0000, -170.0000, -3.0000,  571.0000, -162.0000, -4.0000,  0, 0, 0
L 571.0000, -162.0000, -4.0000,  584.0000, -160.0000, -9.0000,  0, 0, 0
L 584.0000, -160.0000, -9.0000,  584.0000, -172.0000, -9.0000,  0, 0, 0
L 584.0000, -172.0000, -9.0000,  594.0000, -172.0000, -13.0000,  0, 0, 0
L 594.0000, -172.0000, -13.0000,  595.0000, -281.0000, -9.0000,  0, 0, 0
L 595.0000, -281.0000, -9.0000,  840.0000, -281.0000, -9.0000,  0, 0, 0
L 840.0000, -281.0000, -9.0000,  840.0000, -173.0000, -9.0000,  0, 0, 0
L 840.0000, -173.0000, -9.0000,  852.0000, -172.0000, -9.0000,  0, 0, 0
L 852.0000, -172.0000, -9.0000,  852.0000, -160.0000, -9.0000,  0, 0, 0
L 852.0000, -160.0000, -9.0000,  864.0000, -162.0000, -4.0000,  0, 0, 0
L 864.0000, -162.0000, -4.0000,  864.0000, -170.0000, -3.0000,  0, 0, 0
L 864.0000, -170.0000, -3.0000,  1066.0000, -170.0000, -3.0000,  0, 0, 0
L 1066.0000, -170.0000, -3.0000,  1066.0000, 36.0000, -3.0000,  0, 0, 0
L 1066.0000, 36.0000, -3.0000,  1058.0000, 36.0000, -4.0000,  0, 0, 0
L 1058.0000, 36.0000, -4.0000,  1056.0000, 49.0000, -9.0000,  0, 0, 0
L 1056.0000, 49.0000, -9.0000,  1068.0000, 49.0000, -9.0000,  0, 0, 0
L 1068.0000, 49.0000, -9.0000,  1068.0000, 59.0000, -13.0000,  0, 0, 0
L 1068.0000, 59.0000, -13.0000,  1157.0000, 60.0000, -9.0000,  0, 0, 0
L 1157.0000, 60.0000, -9.0000,  1158.0000, 149.0000, -13.0000,  0, 0, 0
L 1158.0000, 149.0000, -13.0000,  1169.0000, 149.0000, -9.0000,  0, 0, 0
L 1169.0000, 149.0000, -9.0000,  1170.0000, 163.0000, -9.0000,  0, 0, 0
L 1170.0000, 163.0000, -9.0000,  1209.0000, 163.0000, -8.0000,  0, 0, 0
L 1209.0000, 163.0000, -8.0000,  1210.0000, 151.0000, -2.0000,  0, 0, 0
L 1209.0000, 198.0000, -6.0000,  1170.0000, 197.0000, -7.0000,  0, 0, 0
L 1170.0000, 197.0000, -7.0000,  1168.0000, 212.0000, -7.0000,  0, 0, 0
L 1168.0000, 212.0000, -7.0000,  1158.0000, 212.0000, -15.0000,  0, 0, 0
L 1158.0000, 212.0000, -15.0000,  1156.0000, 311.0000, -7.0000,  0, 0, 0
L 1156.0000, 311.0000, -7.0000,  1069.0000, 311.0000, -7.0000,  0, 0, 0
L 1069.0000, 311.0000, -7.0000,  1067.0000, 323.0000, -7.0000,  0, 0, 0
L 1067.0000, 323.0000, -7.0000,  1053.0000, 324.0000, -7.0000,  0, 0, 0
L 1053.0000, 324.0000, -7.0000,  1050.0000, 639.0000, -75.0000,  0, 0, 0
L 1050.0000, 639.0000, -75.0000,  1067.0000, 637.0000, -75.0000,  0, 0, 0
L 1067.0000, 637.0000, -75.0000,  1067.0000, 646.0000, -79.0000,  0, 0, 0
L 1067.0000, 646.0000, -79.0000,  1156.0000, 648.0000, -75.0000,  0, 0, 0
L 1156.0000, 648.0000, -75.0000,  1156.0000, 898.0000, -75.0000,  0, 0, 0
L 1156.0000, 898.0000, -75.0000,  942.0000, 898.0000, -75.0000,  0, 0, 0
L 942.0000, 898.0000, -75.0000,  942.0000, 648.0000, -75.0000,  0, 0, 0
L 942.0000, 648.0000, -75.0000,  1005.0000, 646.0000, -79.0000,  0, 0, 0
L 1005.0000, 646.0000, -79.0000,  1005.0000, 636.0000, -75.0000,  0, 0, 0
L 1005.0000, 636.0000, -75.0000,  1013.0000, 636.0000, -75.0000,  0, 0, 0
L 1013.0000, 636.0000, -75.0000,  1022.0000, 638.0000, -75.0000,  0, 0, 0
L 1022.0000, 638.0000, -75.0000,  1019.0000, 326.0000, -7.0000,  0, 0, 0
L 1019.0000, 326.0000, -7.0000,  1005.0000, 323.0000, -7.0000,  0, 0, 0
L 1005.0000, 323.0000, -7.0000,  1006.0000, 311.0000, -9.0000,  0, 0, 0
L 1006.0000, 311.0000, -9.0000,  942.0000, 311.0000, -7.0000,  0, 0, 0
L 942.0000, 311.0000, -7.0000,  942.0000, 61.0000, -7.0000,  0, 0, 0
L 942.0000, 61.0000, -7.0000,  1005.0000, 59.0000, -11.0000,  0, 0, 0
L 1005.0000, 59.0000, -11.0000,  1005.0000, 49.0000, -7.0000,  0, 0, 0
L 1005.0000, 49.0000, -7.0000,  1022.0000, 49.0000, -7.0000,  0, 0, 0
L 1022.0000, 49.0000, -7.0000,  1019.0000, 31.0000, -5.0000,  0, 0, 0
L 1019.0000, 31.0000, -5.0000,  1007.0000, 29.0000, -1.0000,  0, 0, 0
L 1007.0000, 29.0000, -1.0000,  1005.0000, -110.0000, -1.0000,  0, 0, 0
L 1005.0000, -110.0000, -1.0000,  865.0000, -111.0000, -1.0000,  0, 0, 0
L 865.0000, -111.0000, -1.0000,  864.0000, -118.0000, -4.0000,  0, 0, 0
L 864.0000, -118.0000, -4.0000,  852.0000, -120.0000, -9.0000,  0, 0, 0
L 852.0000, -120.0000, -9.0000,  852.0000, -108.0000, -9.0000,  0, 0, 0
L 852.0000, -108.0000, -9.0000,  840.0000, -109.0000, -9.0000,  0, 0, 0
L 840.0000, -109.0000, -9.0000,  840.0000, -28.0000, -9.0000,  0, 0, 0
L 840.0000, -28.0000, -9.0000,  595.0000, -28.0000, -9.0000,  0, 0, 0
L 595.0000, -28.0000, -9.0000,  594.0000, -108.0000, -13.0000,  0, 0, 0
L 594.0000, -108.0000, -13.0000,  583.0000, -108.0000, -9.0000,  0, 0, 0
L 583.0000, -108.0000, -9.0000,  583.0000, -120.0000, -9.0000,  0, 0, 0
L 583.0000, -120.0000, -9.0000,  571.0000, -118.0000, -4.0000,  0, 0, 0
L 571.0000, -118.0000, -4.0000,  571.0000, -110.0000, -3.0000,  0, 0, 0
L 571.0000, -110.0000, -3.0000,  384.0000, -110.0000, -3.0000,  0, 0, 0
L 384.0000, -110.0000, -3.0000,  381.0000, -107.0000, -3.0000,  0, 0, 0
L 381.0000, -107.0000, -3.0000,  381.0000, 52.0000, -3.0000,  0, 0, 0
L 381.0000, 52.0000, -3.0000,  208.0000, 52.0000, -3.0000,  0, 0, 0
L 208.0000, 52.0000, -3.0000,  208.0000, 44.0000, -4.0000,  0, 0, 0
L 208.0000, 44.0000, -4.0000,  196.0000, 42.0000, -9.0000,  0, 0, 0
L -170.0000, 200.0000, -9.0000,  -170.0000, -202.0000, -9.0000,  0, 0, 0
L 1052.0000, 742.0000, -86.0000,  1072.0000, 749.0000, -86.0000,  0, 0, 255
L 1072.0000, 749.0000, -86.0000,  1085.0000, 768.0000, -86.0000,  0, 0, 255
L 1085.0000, 768.0000, -86.0000,  1086.0000, 788.0000, -86.0000,  0, 0, 255
L 1086.0000, 788.0000, -86.0000,  1074.0000, 805.0000, -86.0000,  0, 0, 255
L 1074.0000, 805.0000, -86.0000,  1052.0000, 813.0000, -86.0000,  0, 0, 255
L 1052.0000, 813.0000, -86.0000,  1031.0000, 806.0000, -86.0000,  0, 0, 255
L 1031.0000, 806.0000, -86.0000,  1019.0000, 789.0000, -86.0000,  0, 0, 255
L 1019.0000, 789.0000, -86.0000,  1018.0000, 767.0000, -86.0000,  0, 0, 255
L 1018.0000, 767.0000, -86.0000,  1030.0000, 750.0000, -86.0000,  0, 0, 255
L 1030.0000, 750.0000, -86.0000,  1053.0000, 742.0000, -86.0000,  0, 0, 255
L 1157.0000, 647.0000, -166.0000,  1157.0000, 899.0000, -166.0000,  0, 255, 0
L 1157.0000, 899.0000, -166.0000,  941.0000, 899.0000, -166.0000,  0, 255, 0
L 941.0000, 899.0000, -166.0000,  941.0000, 775.0000, -166.0000,  0, 255, 0
L 941.0000, 775.0000, -166.0000,  929.0000, 774.0000, -166.0000,  0, 255, 0
L 929.0000, 774.0000, -166.0000,  929.0000, 761.0000, -166.0000,  0, 255, 0
L 929.0000, 761.0000, -166.0000,  889.0000, 760.0000, -163.0000,  0, 255, 0
L 889.0000, 760.0000, -163.0000,  888.0000, 772.0000, -159.0000,  0, 255, 0
L 888.0000, 772.0000, -159.0000,  657.0000, 772.0000, -70.0000,  0, 255, 0
L 657.0000, 772.0000, -70.0000,  656.0000, 760.0000, -74.0000,  0, 255, 0
L 656.0000, 760.0000, -74.0000,  618.0000, 763.4000, -71.0000,  0, 255, 0
L 496.0000, 919.0000, -73.0000,  509.0000, 920.0000, -70.0000,  0, 255, 0
L 509.0000, 920.0000, -70.0000,  509.0000, 1119.0000, -70.0000,  0, 255, 0
L 509.0000, 1119.0000, -70.0000,  501.0000, 1119.0000, -71.0000,  0, 255, 0
L 501.0000, 1119.0000, -71.0000,  499.0000, 1132.0000, -76.0000,  0, 255, 0
L 499.0000, 1132.0000, -76.0000,  511.0000, 1132.0000, -76.0000,  0, 255, 0
L 511.0000, 1132.0000, -76.0000,  511.0000, 1142.0000, -80.0000,  0, 255, 0
L 511.0000, 1142.0000, -80.0000,  620.0000, 1143.0000, -76.0000,  0, 255, 0
L 620.0000, 1143.0000, -76.0000,  620.0000, 1388.0000, -76.0000,  0, 255, 0
L 620.0000, 1388.0000, -76.0000,  512.0000, 1388.0000, -76.0000,  0, 255, 0
L 512.0000, 1388.0000, -76.0000,  511.0000, 1400.0000, -76.0000,  0, 255, 0
L 511.0000, 1400.0000, -76.0000,  499.0000, 1400.0000, -76.0000,  0, 255, 0
L 499.0000, 1400.0000, -76.0000,  501.0000, 1412.0000, -71.0000,  0, 255, 0
L 501.0000, 1412.0000, -71.0000,  509.0000, 1412.0000, -70.0000,  0, 255, 0
L 509.0000, 1412.0000, -70.0000,  509.0000, 1662.0000, -70.0000,  0, 255, 0
L 509.0000, 1662.0000, -70.0000,  178.0000, 1662.0000, -70.0000,  0, 255, 0
L 178.0000, 1662.0000, -70.0000,  178.0000, 1654.0000, -71.0000,  0, 255, 0
L 178.0000, 1654.0000, -71.0000,  165.0000, 1652.0000, -76.0000,  0, 255, 0
L 165.0000, 1652.0000, -76.0000,  165.0000, 1664.0000, -76.0000,  0, 255, 0
L 165.0000, 1664.0000, -76.0000,  155.0000, 1664.0000, -80.0000,  0, 255, 0
L 155.0000, 1664.0000, -80.0000,  154.0000, 1741.0000, -80.0000,  0, 255, 0
L 154.0000, 1741.0000, -80.0000,  1.0000, 1715.0000, -80.0000,  0, 255, 0
L 1.0000, 1715.0000, -80.0000,  -40.0000, 1677.0000, -80.0000,  0, 255, 0
L -40.0000, 1677.0000, -80.0000,  -67.0000, 1620.0000, -80.0000,  0, 255, 0
L -67.0000, 1620.0000, -80.0000,  -66.0000, 1498.0000, -79.0000,  0, 255, 0
L -66.0000, 1498.0000, -79.0000,  -52.0000, 1473.0000, -79.0000,  0, 255, 0
L -52.0000, 1473.0000, -79.0000,  -19.0000, 1454.0000, -79.0000,  0, 255, 0
L -19.0000, 1454.0000, -79.0000,  35.0000, 1441.0000, -79.0000,  0, 255, 0
L 35.0000, 1441.0000, -79.0000,  117.0000, 1485.0000, -80.0000,  0, 255, 0
L 117.0000, 1485.0000, -80.0000,  154.0000, 1564.0000, -80.0000,  0, 255, 0
L 154.0000, 1564.0000, -80.0000,  155.0000, 1600.0000, -79.0000,  0, 255, 0
L 155.0000, 1600.0000, -79.0000,  166.0000, 1600.0000, -76.0000,  0, 255, 0
L 166.0000, 1600.0000, -76.0000,  166.0000, 1612.0000, -76.0000,  0, 255, 0
L 166.0000, 1612.0000, -76.0000,  178.0000, 1610.0000, -71.0000,  0, 255, 0
L 178.0000, 1610.0000, -71.0000,  178.0000, 1602.0000, -70.0000,  0, 255, 0
L 178.0000, 1602.0000, -70.0000,  446.0000, 1602.0000, -70.0000,  0, 255, 0
L 446.0000, 1602.0000, -70.0000,  449.0000, 1599.0000, -70.0000,  0, 255, 0
L 449.0000, 1599.0000, -70.0000,  449.0000, 1419.0000, -70.0000,  0, 255, 0
L 449.0000, 1419.0000, -70.0000,  464.0000, 1416.0000, -76.0000,  0, 255, 0
L 464.0000, 1416.0000, -76.0000,  459.0000, 1400.0000, -76.0000,  0, 255, 0
L 459.0000, 1400.0000, -76.0000,  447.0000, 1400.0000, -76.0000,  0, 255, 0
L 447.0000, 1400.0000, -76.0000,  447.0000, 1389.0000, -80.0000,  0, 255, 0
L 447.0000, 1389.0000, -80.0000,  367.0000, 1388.0000, -76.0000,  0, 255, 0
L 367.0000, 1388.0000, -76.0000,  367.0000, 1143.0000, -76.0000,  0, 255, 0
L 367.0000, 1143.0000, -76.0000,  447.0000, 1142.0000, -80.0000,  0, 255, 0
L 447.0000, 1142.0000, -80.0000,  447.0000, 1131.0000, -76.0000,  0, 255, 0
L 447.0000, 1131.0000, -76.0000,  459.0000, 1131.0000, -76.0000,  0, 255, 0
L 459.0000, 1131.0000, -76.0000,  457.0000, 1119.0000, -71.0000,  0, 255, 0
L 457.0000, 1119.0000, -71.0000,  449.0000, 1119.0000, -70.0000,  0, 255, 0
L 449.0000, 1119.0000, -70.0000,  449.0000, 920.0000, -70.0000,  0, 255, 0
L 449.0000, 920.0000, -70.0000,  461.0000, 920.0000, -73.0000,  0, 255, 0
L 263.0000, 784.0000, -70.0000,  112.0000, 784.0000, -70.0000,  0, 255, 0
L 112.0000, 784.0000, -70.0000,  112.0000, 776.0000, -71.0000,  0, 255, 0
L 112.0000, 776.0000, -71.0000,  100.0000, 774.0000, -76.0000,  0, 255, 0
L 100.0000, 774.0000, -76.0000,  100.0000, 786.0000, -76.0000,  0, 255, 0
L 100.0000, 786.0000, -76.0000,  89.0000, 786.0000, -80.0000,  0, 255, 0
L 89.0000, 786.0000, -80.0000,  88.0000, 857.0000, -76.0000,  0, 255, 0
L 88.0000, 857.0000, -76.0000,  38.0000, 890.0000, -76.0000,  0, 255, 0
L 38.0000, 890.0000, -76.0000,  32.0000, 892.0000, -76.0000,  0, 255, 0
L 32.0000, 892.0000, -76.0000,  -24.0000, 893.0000, -80.0000,  0, 255, 0
L -24.0000, 893.0000, -80.0000,  -24.0000, 904.0000, -76.0000,  0, 255, 0
L -24.0000, 904.0000, -76.0000,  -36.0000, 904.0000, -76.0000,  0, 255, 0
L -36.0000, 904.0000, -76.0000,  -40.0000, 916.0000, -71.0000,  0, 255, 0
L -40.0000, 916.0000, -71.0000,  -78.0000, 925.0000, -71.0000,  0, 255, 0
L -78.0000, 925.0000, -71.0000,  -76.0000, 904.0000, -76.0000,  0, 255, 0
L -76.0000, 904.0000, -76.0000,  -88.0000, 904.0000, -76.0000,  0, 255, 0
L -88.0000, 904.0000, -76.0000,  -87.0000, 893.0000, -82.0000,  0, 255, 0
L -87.0000, 893.0000, -82.0000,  -105.0000, 892.0000, -76.0000,  0, 255, 0
L -105.0000, 892.0000, -76.0000,  -158.0000, 857.0000, -76.0000,  0, 255, 0
L -158.0000, 857.0000, -76.0000,  -159.0000, 786.0000, -80.0000,  0, 255, 0
L -159.0000, 786.0000, -80.0000,  -170.0000, 786.0000, -76.0000,  0, 255, 0
L -170.0000, 786.0000, -76.0000,  -170.0000, 774.0000, -76.0000,  0, 255, 0
L -170.0000, 774.0000, -76.0000,  -182.0000, 776.0000, -71.0000,  0, 255, 0
L -182.0000, 776.0000, -71.0000,  -182.0000, 784.0000, -70.0000,  0, 255, 0
L -182.0000, 784.0000, -70.0000,  -244.0000, 784.0000, -70.0000,  0, 255, 0
L -244.0000, 784.0000, -70.0000,  -247.0000, 787.0000, -70.0000,  0, 255, 0
L -247.0000, 787.0000, -70.0000,  -247.0000, 946.0000, -70.0000,  0, 255, 0
L -247.0000, 946.0000, -70.0000,  -420.0000, 946.0000, -70.0000,  0, 255, 0
L -420.0000, 946.0000, -70.0000,  -420.0000, 938.0000, -71.0000,  0, 255, 0
L -420.0000, 938.0000, -71.0000,  -432.0000, 936.0000, -76.0000,  0, 255, 0
L -432.0000, 936.0000, -76.0000,  -432.0000, 948.0000, -76.0000,  0, 255, 0
L -432.0000, 948.0000, -76.0000,  -441.0000, 948.0000, -80.0000,  0, 255, 0
L -441.0000, 884.0000, -80.0000,  -432.0000, 884.0000, -76.0000,  0, 255, 0
L -432.0000, 884.0000, -76.0000,  -432.0000, 896.0000, -76.0000,  0, 255, 0
L -432.0000, 896.0000, -76.0000,  -420.0000, 894.0000, -71.0000,  0, 255, 0
L -420.0000, 894.0000, -71.0000,  -420.0000, 886.0000, -70.0000,  0, 255, 0
L -420.0000, 886.0000, -70.0000,  -310.0000, 886.0000, -70.0000,  0, 255, 0
L -310.0000, 886.0000, -70.0000,  -307.0000, 883.0000, -70.0000,  0, 255, 0
L -307.0000, 883.0000, -70.0000,  -307.0000, 724.0000, -70.0000,  0, 255, 0
L -307.0000, 724.0000, -70.0000,  -190.0000, 724.0000, -70.0000,  0, 255, 0
L -190.0000, 724.0000, -70.0000,  -186.0000, 738.0000, -75.0000,  0, 255, 0
L -186.0000, 738.0000, -75.0000,  -169.0000, 734.0000, -76.0000,  0, 255, 0
L -169.0000, 734.0000, -76.0000,  -169.0000, 722.0000, -76.0000,  0, 255, 0
L -169.0000, 722.0000, -76.0000,  -159.0000, 723.0000, -82.0000,  0, 255, 0
L -159.0000, 723.0000, -82.0000,  -158.0000, 677.0000, -76.0000,  0, 255, 0
L -158.0000, 677.0000, -76.0000,  -123.0000, 624.0000, -76.0000,  0, 255, 0
L -123.0000, 624.0000, -76.0000,  -87.0000, 623.0000, -80.0000,  0, 255, 0
L -87.0000, 623.0000, -80.0000,  -87.0000, 612.0000, -76.0000,  0, 255, 0
L -87.0000, 612.0000, -76.0000,  -75.0000, 612.0000, -76.0000,  0, 255, 0
L -75.0000, 612.0000, -76.0000,  -77.0000, 600.0000, -72.0000,  0, 255, 0
L -77.0000, 600.0000, -72.0000,  -86.0000, 600.0000, -70.0000,  0, 255, 0
L -86.0000, 600.0000, -70.0000,  -86.0000, 506.0000, -69.0000,  0, 255, 0
L -26.0000, 506.0000, -69.0000,  -26.0000, 600.0000, -70.0000,  0, 255, 0
L -26.0000, 600.0000, -70.0000,  -33.0000, 600.0000, -70.0000,  0, 255, 0
L -33.0000, 600.0000, -70.0000,  -35.0000, 613.0000, -76.0000,  0, 255, 0
L -35.0000, 613.0000, -76.0000,  -23.0000, 613.0000, -76.0000,  0, 255, 0
L -23.0000, 613.0000, -76.0000,  -24.0000, 623.0000, -82.0000,  0, 255, 0
L -24.0000, 623.0000, -82.0000,  53.0000, 624.0000, -76.0000,  0, 255, 0
L 53.0000, 624.0000, -76.0000,  88.0000, 677.0000, -76.0000,  0, 255, 0
L 88.0000, 677.0000, -76.0000,  89.0000, 722.0000, -80.0000,  0, 255, 0
L 89.0000, 722.0000, -80.0000,  100.0000, 722.0000, -76.0000,  0, 255, 0
L 100.0000, 722.0000, -76.0000,  100.0000, 734.0000, -76.0000,  0, 255, 0
L 100.0000, 734.0000, -76.0000,  112.0000, 732.0000, -71.0000,  0, 255, 0
L 112.0000, 732.0000, -71.0000,  112.0000, 724.0000, -70.0000,  0, 255, 0
L 112.0000, 724.0000, -70.0000,  263.0000, 724.0000, -70.0000,  0, 255, 0
L 380.0000, 732.0000, -105.0000,  380.0000, 684.0000, -105.0000,  0, 255, 0
L 618.0000, 723.0000, -71.0000,  657.0000, 723.0000, -73.0000,  0, 255, 0
L 657.0000, 723.0000, -73.0000,  657.0000, 712.0000, -70.0000,  0, 255, 0
L 657.0000, 712.0000, -70.0000,  888.0000, 712.0000, -159.0000,  0, 255, 0
L 888.0000, 712.0000, -159.0000,  889.0000, 723.0000, -163.0000,  0, 255, 0
L 889.0000, 723.0000, -163.0000,  928.0000, 724.0000, -165.0000,  0, 255, 0
L 928.0000, 724.0000, -165.0000,  929.0000, 710.0000, -166.0000,  0, 255, 0
L 929.0000, 710.0000, -166.0000,  940.0000, 710.0000, -169.0000,  0, 255, 0
L 940.0000, 710.0000, -169.0000,  941.0000, 647.0000, -166.0000,  0, 255, 0
L 941.0000, 647.0000, -166.0000,  1003.0000, 647.0000, -166.0000,  0, 255, 0
L 1003.0000, 647.0000, -166.0000,  1004.0000, 635.0000, -166.0000,  0, 255, 0
L 1004.0000, 635.0000, -166.0000,  1016.0000, 635.0000, -166.0000,  0, 255, 0
L 1016.0000, 635.0000, -166.0000,  1014.0000, 623.0000, -161.0000,  0, 255, 0
L 1014.0000, 623.0000, -161.0000,  1006.0000, 623.0000, -160.0000,  0, 255, 0
L 1006.0000, 623.0000, -160.0000,  1006.0000, 609.0000, -160.0000,  0, 255, 0
L 1006.0000, 609.0000, -160.0000,  1066.0000, 609.0000, -160.0000,  0, 255, 0
L 1066.0000, 609.0000, -160.0000,  1066.0000, 623.0000, -160.0000,  0, 255, 0
L 1066.0000, 623.0000, -160.0000,  1058.0000, 623.0000, -160.0000,  0, 255, 0
L 1058.0000, 623.0000, -160.0000,  1068.0000, 647.0000, -170.0000,  0, 255, 0
L 1068.0000, 647.0000, -170.0000,  1157.0000, 647.0000, -166.0000,  0, 255, 0
L 140.4000, 53.4000, -24.1000,  144.9000, 53.4000, -22.2000,  0, 0, 255
L 140.4000, -9.8000, -24.1000,  145.0000, -9.8000, -22.2000,  0, 0, 255
L -170.0000, -202.0000, -9.0000,  186.0000, -202.0000, -9.0000,  0, 0, 0
L 186.0000, -202.0000, -9.0000,  186.0000, -11.0000, -9.0000,  0, 0, 0
L 196.0000, 42.0000, -9.0000,  196.0000, 54.0000, -9.0000,  0, 0, 0
L 196.0000, 54.0000, -9.0000,  187.0000, 54.0000, -9.0000,  0, 0, 0
L 186.0000, -11.0000, -9.0000,  196.0000, -10.0000, -9.0000,  0, 0, 0
L 196.0000, -10.0000, -9.0000,  196.0000, 2.0000, -9.0000,  0, 0, 0
L 186.0000, 200.0000, -9.0000,  -170.0000, 200.0000, -9.0000,  0, 0, 0
L 187.0000, 54.0000, -9.0000,  186.0000, 200.0000, -9.0000,  0, 0, 0
L 158.6000, -9.8000, -16.6000,  163.1000, -9.8000, -14.7000,  150, 150, 150
L 158.6000, 53.4000, -16.6000,  163.1000, 53.4000, -14.7000,  150, 150, 150
L 158.6000, -9.8000, -16.6000,  158.6000, 53.4000, -16.6000,  0, 0, 255
L 167.7000, -9.8000, -12.8000,  172.2000, -9.8000, -10.9000,  150, 150, 150
L 167.7000, 53.4000, -12.8000,  172.2000, 53.4000, -10.9000,  150, 150, 150
L 167.7000, -9.8000, -12.8000,  167.7000, 53.4000, -12.8000,  150, 150, 150
L 149.5000, -9.8000, -20.3000,  154.0000, -9.8000, -18.4000,  0, 0, 255
L 149.5000, 53.4000, -20.3000,  154.0000, 53.4000, -18.4000,  0, 0, 255
L 149.5000, -9.8000, -20.3000,  149.5000, 53.4000, -20.3000,  150, 150, 150
L 140.4000, -9.8000, -24.1000,  140.4000, 53.4000, -24.1000,  150, 150, 150
L 145.0000, -9.8000, -22.2000,  149.5000, -9.8000, -20.3000,  0, 0, 255
L 144.9000, 53.4000, -22.2000,  149.5000, 53.4000, -20.3000,  0, 0, 255
L 145.0000, -9.8000, -22.2000,  144.9000, 53.4000, -22.2000,  150, 150, 150
L 154.0000, -9.8000, -18.4000,  158.6000, -9.8000, -16.6000,  0, 0, 255
L 154.0000, 53.4000, -18.4000,  158.6000, 53.4000, -16.6000,  0, 0, 255
L 154.0000, -9.8000, -18.4000,  154.0000, 53.4000, -18.4000,  150, 150, 150
L 163.1000, -9.8000, -14.7000,  167.7000, -9.8000, -12.8000,  150, 150, 150
L 163.1000, 53.4000, -14.7000,  167.7000, 53.4000, -12.8000,  150, 150, 150
L 163.1000, -9.8000, -14.7000,  163.1000, 53.4000, -14.7000,  150, 150, 150
L 172.2000, -9.8000, -10.9000,  176.7000, -9.8000, -9.0000,  150, 150, 150
L 172.2000, 53.4000, -10.9000,  176.7000, 53.4000, -9.0000,  150, 150, 150
L 172.2000, -9.8000, -10.9000,  172.2000, 53.4000, -10.9000,  150, 150, 150
L 176.7000, -9.8000, -9.0000,  176.7000, 53.4000, -9.0000,  150, 150, 150
L 140.4000, 158.4000, -24.1000,  140.4000, 53.4000, -24.1000,  0, 0, 255
L -82.6000, -98.6000, -24.1000,  79.6000, -98.6000, -24.1000,  0, 0, 255
L 140.4000, -9.8000, -24.1000,  140.4000, -158.4000, -24.1000,  0, 0, 255
L 79.6000, 97.6000, -24.1000,  -82.6000, 97.6000, -24.1000,  0, 0, 255
L 79.6000, 97.6000, -24.1000,  79.6000, -98.6000, -24.1000,  0, 0, 255
L 79.6000, -98.6000, -9.0000,  -82.6000, -98.6000, -9.0000,  0, 0, 255
L 79.6000, 97.6000, -9.0000,  79.6000, -98.6000, -9.0000,  0, 0, 255
L -82.6000, 97.6000, -9.0000,  79.6000, 97.6000, -9.0000,  0, 0, 255
L -50.8000, -9.8000, -10.9000,  -46.2000, -9.8000, -9.0000,  150, 150, 150
L -59.9000, 53.4000, -14.7000,  -55.3000, 53.4000, -12.8000,  150, 150, 150
L -68.9000, 53.4000, -18.4000,  -64.4000, 53.4000, -16.6000,  0, 0, 255
L -68.9000, -9.8000, -18.4000,  -68.9000, 53.4000, -18.4000,  150, 150, 150
L -59.9000, -9.8000, -14.7000,  -55.3000, -9.8000, -12.8000,  150, 150, 150
L -55.3000, 53.4000, -12.8000,  -50.8000, 53.4000, -10.9000,  150, 150, 150
L -73.5000, -9.8000, -20.3000,  -68.9000, -9.8000, -18.4000,  0, 0, 255
L -73.5000, 53.4000, -20.3000,  -68.9000, 53.4000, -18.4000,  0, 0, 255
L -50.8000, 53.4000, -10.9000,  -46.2000, 53.4000, -9.0000,  150, 150, 150
L -50.8000, -9.8000, -10.9000,  -50.8000, 53.4000, -10.9000,  150, 150, 150
L -46.2000, -9.8000, -9.0000,  -46.2000, 53.4000, -9.0000,  150, 150, 150
L -55.3000, -9.8000, -12.8000,  -55.3000, 53.4000, -12.8000,  150, 150, 150
L -59.9000, -9.8000, -14.7000,  -59.9000, 53.4000, -14.7000,  150, 150, 150
L -55.3000, -9.8000, -12.8000,  -50.8000, -9.8000, -10.9000,  150, 150, 150
L -73.5000, -9.8000, -20.3000,  -73.5000, 53.4000, -20.3000,  150, 150, 150
L -82.6000, -9.8000, -24.1000,  -82.6000, 53.4000, -24.1000,  150, 150, 150
L -78.0000, -9.8000, -22.2000,  -73.5000, -9.8000, -20.3000,  0, 0, 255
L -82.6000, 53.4000, -24.1000,  -78.0000, 53.4000, -22.2000,  0, 0, 255
L -64.4000, -9.8000, -16.6000,  -64.4000, 53.4000, -16.6000,  0, 0, 255
L -78.0000, -9.8000, -22.2000,  -78.0000, 53.4000, -22.2000,  150, 150, 150
L -64.4000, -9.8000, -16.6000,  -59.9000, -9.8000, -14.7000,  150, 150, 150
L -64.4000, 53.4000, -16.6000,  -59.9000, 53.4000, -14.7000,  150, 150, 150
L -82.6000, -9.8000, -24.1000,  -78.0000, -9.8000, -22.2000,  0, 0, 255
L -68.9000, -9.8000, -18.4000,  -64.4000, -9.8000, -16.6000,  0, 0, 255
L -78.0000, 53.4000, -22.2000,  -73.5000, 53.4000, -20.3000,  0, 0, 255
L -82.6000, 97.6000, -9.0000,  -82.6000, 53.4000, -9.0000,  0, 0, 255
L -82.6000, -98.6000, -9.0000,  -82.6000, -9.8000, -9.0000,  0, 0, 255
L -82.6000, -9.8000, -24.1000,  -82.6000, -98.6000, -24.1000,  0, 0, 255
L -82.6000, 53.4000, -24.1000,  -82.6000, 97.6000, -24.1000,  0, 0, 255
L -82.6000, -9.8000, -9.0000,  -64.4000, -9.8000, -9.0000,  0, 0, 255
L -82.6000, 53.4000, -9.0000,  -64.4000, 53.4000, -9.0000,  0, 0, 255
L -64.4000, -9.8000, -9.0000,  -46.2000, -9.8000, -9.0000,  150, 150, 150
L -64.4000, -9.8000, -16.6000,  -64.4000, -9.8000, -9.0000,  0, 0, 255
L -64.4000, 53.4000, -9.0000,  -46.2000, 53.4000, -9.0000,  150, 150, 150
L -64.4000, 53.4000, -16.6000,  -64.4000, 53.4000, -9.0000,  0, 0, 255
L -110.3000, -95.4000, -24.1000,  -114.8000, -95.4000, -22.2000,  0, 0, 255
L -114.8000, -95.4000, -22.2000,  -119.3000, -95.4000, -20.3000,  0, 0, 255
L -123.9000, -95.4000, -18.4000,  -128.4000, -95.4000, -16.6000,  0, 0, 255
L -128.4000, -95.4000, -16.6000,  -128.4000, -158.4000, -16.6000,  0, 0, 255
L -119.3000, -95.4000, -20.3000,  -119.3000, -149.4000, -20.3000,  150, 150, 150
L -119.3000, -95.4000, -20.3000,  -123.9000, -95.4000, -18.4000,  0, 0, 255
L -123.9000, -95.4000, -18.4000,  -123.9000, -153.9000, -18.4000,  150, 150, 150
L -114.8000, -95.4000, -22.2000,  -114.8000, -144.8000, -22.2000,  150, 150, 150
L -110.3000, -95.4000, -24.1000,  -110.3000, -140.3000, -24.1000,  150, 150, 150
L -65.4000, -149.3000, -20.3000,  -65.4000, -153.9000, -18.4000,  0, 0, 255
L -128.7000, -158.4000, -16.6000,  -128.4000, -158.4000, -16.6000,  0, 0, 255
L -65.4000, -153.9000, -18.4000,  -65.4000, -158.4000, -16.6000,  0, 0, 255
L -65.4000, -140.3000, -24.1000,  -65.4000, -144.8000, -22.2000,  0, 0, 255
L -128.4000, -158.4000, -16.6000,  -128.4000, -158.7000, -16.6000,  0, 0, 255
L -128.4000, -158.4000, -16.6000,  -65.4000, -158.4000, -16.6000,  0, 0, 255
L -123.9000, -153.9000, -18.4000,  -65.4000, -153.9000, -18.4000,  150, 150, 150
L -110.3000, -140.3000, -24.1000,  -65.4000, -140.3000, -24.1000,  150, 150, 150
L -119.3000, -149.4000, -20.3000,  -65.4000, -149.3000, -20.3000,  150, 150, 150
L -65.4000, -144.8000, -22.2000,  -65.4000, -149.3000, -20.3000,  0, 0, 255
L -114.8000, -144.8000, -22.2000,  -65.4000, -144.8000, -22.2000,  150, 150, 150
L 140.4000, -158.4000, -24.1000,  -65.4000, -158.4000, -24.1000,  0, 0, 255
L -128.4000, 158.4000, -24.1000,  140.4000, 158.4000, -24.1000,  0, 0, 255
L -128.4000, -95.4000, -24.1000,  -128.4000, 158.4000, -24.1000,  0, 0, 255
L -65.4000, -158.4000, -24.1000,  -65.4000, -158.4000, -16.6000,  0, 0, 255
L -128.4000, -95.4000, -24.1000,  -128.4000, -95.4000, -16.6000,  0, 0, 255
L 1372.0000, -21.0000, -35.0000,  1355.0000, -21.0000, -35.0000,  0, 0, 0
L 1391.0000, -133.0000, -35.0000,  1391.0000, -40.0000, -35.0000,  0, 0, 0
L 1391.0000, -40.0000, -35.0000,  1372.0000, -21.0000, -35.0000,  0, 0, 0
L 1348.0000, -25.0000, -35.0000,  1355.0000, -25.0000, -35.0000,  0, 0, 0
L 1355.0000, -21.0000, -35.0000,  1355.0000, -25.0000, -35.0000,  0, 0, 0
L 1311.0000, -25.0000, -35.0000,  1318.0000, -25.0000, -35.0000,  0, 0, 0
L 1311.0000, -25.0000, -35.0000,  1311.0000, -21.0000, -35.0000,  0, 0, 0
L 1294.0000, -21.0000, -35.0000,  1311.0000, -21.0000, -35.0000,  0, 0, 0
L 1275.0000, -133.0000, -35.0000,  1275.0000, -40.0000, -35.0000,  0, 0, 0
L 1275.0000, -40.0000, -35.0000,  1294.0000, -21.0000, -35.0000,  0, 0, 0
L 1275.0000, -133.0000, -35.0000,  1391.0000, -133.0000, -35.0000,  0, 0, 0
L 1210.0000, 151.0000, -2.0000,  1301.0000, 151.0000, -2.0000,  0, 0, 0
L 1363.0000, 210.0000, -2.0000,  1216.0000, 210.0000, -2.0000,  0, 0, 0
L 1216.0000, 210.0000, -2.0000,  1209.0000, 198.0000, -6.0000,  0, 0, 0
L 1363.0000, 63.0000, -2.0000,  1363.0000, 210.0000, -2.0000,  0, 0, 0
L 1363.0000, 63.0000, -2.0000,  1348.0000, 63.0000, -2.0000,  0, 0, 0
L 1301.0000, 151.0000, -2.0000,  1301.0000, 63.0000, -2.0000,  0, 0, 0
L 1348.0000, 63.0000, -2.0000,  1318.0000, 63.0000, -2.0000,  150, 150, 150
L 1318.0000, 63.0000, -2.0000,  1301.0000, 63.0000, -2.0000,  0, 0, 0
L 1348.0000, -25.0000, -35.0000,  1348.0000, -14.0000, -30.9000,  0, 0, 0
L 1318.0000, -25.0000, -35.0000,  1318.0000, -14.0000, -30.9000,  0, 0, 0
L 1318.0000, -25.0000, -35.0000,  1348.0000, -25.0000, -35.0000,  150, 150, 150
L 1318.0000, 19.0000, -18.5000,  1318.0000, 30.0000, -14.4000,  0, 0, 0
L 1348.0000, 19.0000, -18.5000,  1348.0000, 30.0000, -14.4000,  0, 0, 0
L 1318.0000, 19.0000, -18.5000,  1348.0000, 19.0000, -18.5000,  150, 150, 150
L 1318.0000, -3.0000, -26.8000,  1318.0000, 8.0000, -22.6000,  0, 0, 0
L 1348.0000, -3.0000, -26.8000,  1348.0000, 8.0000, -22.6000,  0, 0, 0
L 1318.0000, -3.0000, -26.8000,  1348.0000, -3.0000, -26.8000,  150, 150, 150
L 1318.0000, -14.0000, -30.9000,  1318.0000, -3.0000, -26.8000,  0, 0, 0
L 1348.0000, -14.0000, -30.9000,  1348.0000, -3.0000, -26.8000,  0, 0, 0
L 1318.0000, -14.0000, -30.9000,  1348.0000, -14.0000, -30.9000,  150, 150, 150
L 1318.0000, 8.0000, -22.6000,  1318.0000, 19.0000, -18.5000,  0, 0, 0
L 1348.0000, 8.0000, -22.6000,  1348.0000, 19.0000, -18.5000,  0, 0, 0
L 1318.0000, 8.0000, -22.6000,  1348.0000, 8.0000, -22.6000,  150, 150, 150
L 1318.0000, 41.0000, -10.2000,  1318.0000, 52.0000, -6.1000,  0, 0, 0
L 1348.0000, 41.0000, -10.2000,  1348.0000, 52.0000, -6.1000,  0, 0, 0
L 1318.0000, 41.0000, -10.2000,  1348.0000, 41.0000, -10.2000,  150, 150, 150
L 1318.0000, 30.0000, -14.4000,  1318.0000, 41.0000, -10.2000,  0, 0, 0
L 1348.0000, 30.0000, -14.4000,  1348.0000, 41.0000, -10.2000,  0, 0, 0
L 1318.0000, 30.0000, -14.4000,  1348.0000, 30.0000, -14.4000,  150, 150, 150
L 1318.0000, 52.0000, -6.1000,  1318.0000, 63.0000, -2.0000,  0, 0, 0
L 1348.0000, 52.0000, -6.1000,  1348.0000, 63.0000, -2.0000,  0, 0, 0
L 1318.0000, 52.0000, -6.1000,  1348.0000, 52.0000, -6.1000,  150, 150, 150
L 665.6000, -96.6000, -33.0000,  665.6000, -180.4000, -33.0000,  0, 0, 255
L 665.6000, -180.4000, -33.0000,  675.5000, -180.5000, -33.0000,  0, 0, 255
L 675.5000, -180.5000, -32.8000,  675.6000, -202.5000, -33.0000,  0, 0, 255
L 675.6000, -202.5000, -33.0000,  696.6000, -202.5000, -33.0000,  0, 0, 255
L 696.6000, -202.5000, -33.0000,  697.6000, -212.4000, -33.0000,  0, 0, 255
L 697.6000, -212.4000, -33.0000,  775.4000, -212.4000, -33.0000,  0, 0, 255
L 775.4000, -212.4000, -33.0000,  775.4000, -128.6000, -33.0000,  0, 0, 255
L 775.4000, -128.6000, -33.0000,  765.4000, -128.5000, -33.0000,  0, 0, 255
L 765.4000, -128.5000, -33.0000,  765.6000, -106.5000, -33.0000,  0, 0, 255
L 765.6000, -106.5000, -33.0000,  743.7000, -106.5000, -33.0000,  0, 0, 255
L 743.4000, -96.6000, -33.0000,  665.6000, -96.6000, -33.0000,  0, 0, 255
L 743.4000, -96.6000, -33.0000,  743.7000, -106.5000, -33.0000,  0, 0, 255
L 794.4000, -108.6000, -26.0000,  794.4000, -69.6000, -26.0000,  150, 150, 150
L 794.4000, -69.6000, -26.0000,  640.6000, -69.6000, -26.0000,  150, 150, 150
L 640.6000, -237.4000, -26.0000,  794.4000, -237.4000, -26.0000,  150, 150, 150
L 794.4000, -237.4000, -26.0000,  794.4000, -171.4000, -26.0000,  150, 150, 150
L 1090.3998, 169.4000, -37.0000,  1090.3998, 148.6000, -37.0000,  0, 0, 255
L 1090.3998, 148.6000, -37.0000,  1067.6000, 148.6000, -37.0000,  0, 0, 255
L 1067.6000, 148.6000, -37.0000,  1067.6000, 169.4000, -37.0000,  0, 0, 255
L 1067.6000, 169.4000, -37.0000,  1090.3998, 169.4000, -37.0000,  0, 0, 255
L 1090.3998, 229.4000, -37.0000,  1067.6000, 229.4000, -37.0000,  0, 0, 255
L 1067.6000, 229.4000, -37.0000,  1067.6000, 206.6000, -37.0000,  0, 0, 255
L 1067.6000, 206.6000, -37.0000,  1090.3998, 206.6000, -37.0000,  0, 0, 255
L 1090.3998, 206.6000, -37.0000,  1090.3998, 229.4000, -37.0000,  0, 0, 255
L 1009.6000, 207.6000, -37.0000,  1009.6000, 230.4000, -37.0000,  0, 0, 255
L 1009.6000, 230.4000, -37.0000,  1032.3998, 230.4000, -37.0000,  0, 0, 255
L 1032.3998, 230.4000, -37.0000,  1032.3998, 207.6000, -37.0000,  0, 0, 255
L 1032.3998, 207.6000, -37.0000,  1009.6000, 207.6000, -37.0000,  0, 0, 255
L 1010.6000, 148.6000, -37.0000,  1033.3998, 148.6000, -37.0000,  0, 0, 255
L 1033.3998, 148.6000, -37.0000,  1033.3998, 171.4000, -37.0000,  0, 0, 255
L 1033.3998, 171.4000, -37.0000,  1010.6000, 171.4000, -37.0000,  0, 0, 255
L 1010.6000, 171.4000, -37.0000,  1010.6000, 148.6000, -37.0000,  0, 0, 255
L 1133.3998, 266.4000, -26.0000,  1133.7997, 211.4000, -28.0000,  150, 150, 150
L 1133.3998, 266.4000, -26.0000,  1067.3998, 266.4000, -26.0000,  150, 150, 150
L 1004.6000, 266.4000, -26.0000,  982.6000, 266.4000, -26.0000,  150, 150, 150
L 982.6000, 266.4000, -26.0000,  982.6000, 105.6000, -26.0000,  150, 150, 150
L 1133.3998, 105.6000, -26.0000,  1133.3998, 148.4000, -26.0000,  150, 150, 150
L 1140.1000, 109.2000, -10.0000,  1155.8998, 110.4000, -10.0000,  0, 0, 0
L 1140.1000, 109.2000, -10.0000,  1140.7000, 102.0000, -10.0000,  0, 0, 0
L 1140.7000, 102.0000, -10.0000,  1155.1000, 103.1000, -10.0000,  0, 0, 0
L 1120.6000, 77.6000, -10.0000,  1119.5000, 94.7000, -10.0000,  0, 0, 0
L 1119.5000, 94.7000, -10.0000,  1112.2000, 94.1000, -10.0000,  0, 0, 0
L 1112.2000, 94.1000, -10.0000,  1113.5000, 77.0000, -10.0000,  0, 0, 0
L 1113.5000, 77.0000, -10.0000,  1120.6000, 77.6000, -10.0000,  0, 0, 0
L 1088.6000, 61.3000, -10.0000,  1105.7000, 62.5000, -10.0000,  0, 0, 0
L 1105.7000, 62.5000, -10.0000,  1105.1000, 69.7000, -10.0000,  0, 0, 0
L 1105.1000, 69.7000, -10.0000,  1088.0000, 68.4000, -10.0000,  0, 0, 0
L 1088.0000, 68.4000, -10.0000,  1088.6000, 61.3000, -10.0000,  0, 0, 0
L 970.7000, 99.4000, -9.5000,  970.7000, 87.1000, -9.5000,  0, 0, 255
L 970.7000, 87.1000, -9.5000,  996.2000, 87.3000, -9.6000,  0, 0, 255
L 996.2000, 87.3000, -9.6000,  996.2000, 99.3000, -9.5000,  0, 0, 255
L 1125.0000, 285.2000, -9.0000,  1099.5000, 285.1000, -9.1000,  0, 0, 255
L 1099.5000, 285.1000, -9.1000,  1099.5000, 273.1000, -9.0000,  0, 0, 255
L 1099.5000, 273.1000, -9.0000,  1125.0000, 273.0000, -9.0000,  0, 0, 255
L 1125.0000, 273.0000, -9.0000,  1125.0000, 285.2000, -9.0000,  0, 0, 255
L 1114.7997, 685.4000, -77.8000,  1114.7997, 673.4000, -77.9000,  0, 0, 0
L 1114.7997, 673.4000, -77.9000,  1089.2997, 673.3000, -77.8000,  0, 0, 0
L 1089.2997, 673.3000, -77.8000,  1089.2997, 685.5000, -77.8000,  0, 0, 0
L 1089.2997, 685.5000, -77.8000,  1114.7997, 685.4000, -77.8000,  0, 0, 0
L 1047.0000, 872.3000, -77.0000,  1047.0000, 860.3000, -76.9000,  0, 0, 0
L 1047.0000, 860.3000, -76.9000,  1072.5000, 860.2000, -76.9000,  0, 0, 0
L 1072.5000, 860.2000, -76.9000,  1072.5000, 872.5000, -76.9000,  0, 0, 0
L 1072.5000, 872.5000, -76.9000,  1047.0000, 872.3000, -77.0000,  0, 0, 0
L 701.7000, 712.6000, -88.3000,  702.5000, 771.4000, -88.9000,  0, 0, 255
L 134.3000, 170.3000, -10.0000,  135.3000, 186.9000, -10.0000,  0, 0, 0
L 135.3000, 186.9000, -10.0000,  142.5000, 186.3000, -10.0000,  0, 0, 0
L 142.5000, 186.3000, -10.0000,  141.5000, 169.8000, -10.0000,  0, 0, 0
L 141.5000, 169.8000, -10.0000,  134.3000, 170.3000, -10.0000,  0, 0, 0
L 147.9000, 160.4000, -10.0000,  164.6000, 159.3000, -10.0000,  0, 0, 0
L 164.6000, 159.3000, -10.0000,  163.9000, 152.1000, -10.0000,  0, 0, 0
L 163.9000, 152.1000, -10.0000,  147.5000, 153.2000, -10.0000,  0, 0, 0
L 147.5000, 153.2000, -10.0000,  147.9000, 160.4000, -10.0000,  0, 0, 0
L 146.3000, 147.4000, -10.0000,  162.8000, 146.3000, -10.0000,  0, 0, 0
L 162.8000, 146.3000, -10.0000,  162.4000, 139.3000, -10.0000,  0, 0, 0
L 162.4000, 139.3000, -10.0000,  145.8000, 140.3000, -10.0000,  0, 0, 0
L 145.8000, 140.3000, -10.0000,  146.3000, 147.4000, -10.0000,  0, 0, 0
L -136.4000, 823.4000, -93.0000,  -88.3000, 823.4000, -93.0000,  150, 150, 150
L 66.4000, 846.4000, -93.0000,  66.4000, 787.2000, -91.1000,  150, 150, 150
L 66.4000, 722.6000, -93.0000,  66.4000, 669.6000, -93.0000,  150, 150, 150
L 66.4000, 669.6000, -93.0000,  -24.6000, 669.6000, -95.0000,  150, 150, 150
L -87.6000, 669.6000, -93.0000,  -136.4000, 669.6000, -93.0000,  150, 150, 150
L -136.4000, 669.6000, -93.0000,  -136.4000, 723.6000, -95.0000,  150, 150, 150
L -14.6000, 694.6000, -100.0000,  -98.4000, 694.6000, -100.0000,  0, 0, 255
L -98.4000, 694.6000, -100.0000,  -98.4000, 772.4000, -100.0000,  0, 0, 255
L -98.4000, 772.4000, -100.0000,  -88.4000, 772.5000, -100.0000,  0, 0, 255
L -88.4000, 772.5000, -100.0000,  -88.5000, 794.7000, -100.0000,  0, 0, 255
L -88.5000, 794.7000, -100.0000,  -66.5000, 794.4000, -100.0000,  0, 0, 255
L -66.5000, 794.4000, -100.0000,  -66.4000, 804.4000, -100.0000,  0, 0, 255
L -66.4000, 804.4000, -100.0000,  17.4000, 804.4000, -100.0000,  0, 0, 255
L 17.4000, 804.4000, -100.0000,  17.4000, 726.6000, -100.0000,  0, 0, 255
L 17.4000, 726.6000, -100.0000,  7.4000, 726.5000, -100.0000,  0, 0, 255
L 7.4000, 726.5000, -100.0000,  7.4000, 704.2000, -100.0000,  0, 0, 255
L 7.4000, 704.2000, -100.0000,  -14.5000, 704.6000, -100.0000,  0, 0, 255
L -14.5000, 704.6000, -100.0000,  -14.6000, 694.6000, -100.0000,  0, 0, 255
L -85.6000, 706.4000, -100.0000,  4.6000, 706.4000, -100.0000,  0, 0, 255
L 4.6000, 706.4000, -100.0000,  4.6000, 788.6000, -100.0000,  0, 0, 255
L 4.6000, 788.6000, -100.0000,  -84.9000, 788.6000, -100.0000,  0, 0, 255
L -84.9000, 788.6000, -100.0000,  -85.6000, 706.4000, -100.0000,  0, 0, 255
L -278.6000, 881.8000, -77.0000,  -278.5000, 900.3000, -77.0000,  0, 255, 0
L -278.5000, 900.3000, -77.0000,  -271.3000, 900.2000, -77.0000,  0, 255, 0
L -271.3000, 900.2000, -77.0000,  -271.3000, 882.1000, -77.0000,  0, 255, 0
L -271.3000, 882.1000, -77.0000,  -278.6000, 881.8000, -77.0000,  0, 255, 0
L -448.6000, 884.6000, -85.0000,  -471.6000, 884.6000, -87.5000,  0, 0, 255
L -471.6000, 884.6000, -87.5000,  -471.6000, 834.6000, -87.5000,  0, 0, 255
L -471.6000, 834.6000, -87.5000,  -479.4000, 834.6000, -87.5000,  0, 0, 255
L -479.4000, 834.6000, -87.5000,  -483.4000, 842.1000, -87.5000,  0, 0, 255
L -483.4000, 842.1000, -87.5000,  -508.1000, 861.6000, -87.5000,  0, 0, 255
L -508.1000, 861.6000, -87.5000,  -537.5000, 867.2000, -87.5000,  0, 0, 255
L -537.5000, 867.2000, -87.5000,  -566.3000, 859.5000, -87.5000,  0, 0, 255
L -566.3000, 859.5000, -87.5000,  -588.9000, 840.1000, -87.5000,  0, 0, 255
L -588.9000, 840.1000, -87.5000,  -600.9000, 813.0000, -87.5000,  0, 0, 255
L -600.9000, 813.0000, -87.5000,  -599.9000, 783.0000, -87.5000,  0, 0, 255
L -599.9000, 783.0000, -87.5000,  -585.8000, 756.3000, -87.5000,  0, 0, 255
L -585.8000, 756.3000, -87.5000,  -563.5000, 740.0000, -87.5000,  0, 0, 255
L -563.5000, 740.0000, -87.5000,  -552.6000, 737.1000, -87.5000,  0, 0, 255
L -552.6000, 737.1000, -87.5000,  -552.6000, 735.6000, -87.5000,  0, 0, 255
L -552.6000, 735.6000, -87.5000,  -692.4000, 735.6000, -87.5000,  0, 0, 255
L -692.4000, 735.6000, -87.5000,  -692.4000, 738.0000, -87.5000,  0, 0, 255
L -692.4000, 738.0000, -87.5000,  -675.3000, 745.7000, -87.5000,  0, 0, 255
L -675.3000, 745.7000, -87.5000,  -656.1000, 768.6000, -87.5000,  0, 0, 255
L -656.1000, 768.6000, -87.5000,  -648.8000, 797.5000, -87.5000,  0, 0, 255
L -648.8000, 797.5000, -87.5000,  -654.7000, 826.7000, -87.5000,  0, 0, 255
L -654.7000, 826.7000, -87.5000,  -672.7000, 850.5000, -87.5000,  0, 0, 255
L -672.7000, 850.5000, -87.5000,  -699.3000, 864.1000, -87.5000,  0, 0, 255
L -699.3000, 864.1000, -87.5000,  -729.1000, 864.8000, -87.5000,  0, 0, 255
L -729.1000, 864.8000, -87.5000,  -755.0000, 853.1000, -87.5000,  0, 0, 255
L -755.0000, 853.1000, -87.5000,  -772.2000, 833.6000, -87.5000,  0, 0, 255
L -772.2000, 833.6000, -87.5000,  -781.4000, 833.6000, -87.5000,  0, 0, 255
L -781.4000, 833.6000, -87.5000,  -781.4000, 971.6000, -87.5000,  0, 0, 255
L 357.0000, 4.0000, -10.0000,  357.0000, -14.0000, -10.0000,  0, 0, 0
L 357.0000, -14.0000, -10.0000,  349.8000, -14.0000, -10.0000,  0, 0, 0
L 349.8000, -14.0000, -10.0000,  349.8000, 4.1000, -10.0000,  0, 0, 0
L 349.8000, 4.1000, -10.0000,  357.0000, 4.0000, -10.0000,  0, 0, 0
L 164.0000, -20.4000, -10.0000,  164.1000, -13.2000, -10.0000,  0, 0, 0
L 182.1000, -20.4000, -10.0000,  164.0000, -20.4000, -10.0000,  0, 0, 0
L 182.1000, -13.2000, -10.0000,  182.1000, -20.4000, -10.0000,  0, 0, 0
L 164.1000, -13.2000, -10.0000,  182.1000, -13.2000, -10.0000,  0, 0, 0
L 164.3000, -46.7000, -10.0000,  164.3000, -39.5000, -10.0000,  0, 0, 0
L 182.3000, -39.5000, -10.0000,  182.3000, -46.7000, -10.0000,  0, 0, 0
L 182.3000, -46.7000, -10.0000,  164.3000, -46.7000, -10.0000,  0, 0, 0
L 164.3000, -39.5000, -10.0000,  182.3000, -39.5000, -10.0000,  0, 0, 0
L 182.3000, -95.2000, -10.0000,  164.2000, -95.2000, -10.0000,  0, 0, 0
L 164.2000, -95.2000, -10.0000,  164.3000, -87.9000, -10.0000,  0, 0, 0
L 182.3000, -87.9000, -10.0000,  182.3000, -95.2000, -10.0000,  0, 0, 0
L 164.3000, -87.9000, -10.0000,  182.3000, -87.9000, -10.0000,  0, 0, 0
L 164.3000, -130.6000, -10.0000,  164.4000, -123.4000, -10.0000,  0, 0, 0
L 182.4000, -123.4000, -10.0000,  182.4000, -130.6000, -10.0000,  0, 0, 0
L 182.4000, -130.6000, -10.0000,  164.3000, -130.6000, -10.0000,  0, 0, 0
L 164.4000, -123.4000, -10.0000,  182.4000, -123.4000, -10.0000,  0, 0, 0
L 182.4000, -148.9000, -10.0000,  182.4000, -156.1000, -10.0000,  0, 0, 0
L 164.4000, -148.9000, -10.0000,  182.4000, -148.9000, -10.0000,  0, 0, 0
L 164.4000, -156.1000, -10.0000,  164.4000, -148.9000, -10.0000,  0, 0, 0
L 182.4000, -156.1000, -10.0000,  164.4000, -156.1000, -10.0000,  0, 0, 0
L -149.8000, -79.3000, -10.0000,  -167.9000, -79.3000, -10.0000,  0, 0, 0
L -167.9000, -79.3000, -10.0000,  -167.8000, -72.1000, -10.0000,  0, 0, 0
L -167.8000, -72.1000, -10.0000,  -149.8000, -72.1000, -10.0000,  0, 0, 0
L -149.8000, -72.1000, -10.0000,  -149.8000, -79.3000, -10.0000,  0, 0, 0
L -150.2000, -53.0000, -10.0000,  -168.2000, -53.0000, -10.0000,  0, 0, 0
L -150.2000, -45.8000, -10.0000,  -150.2000, -53.0000, -10.0000,  0, 0, 0
L -168.2000, -45.8000, -10.0000,  -150.2000, -45.8000, -10.0000,  0, 0, 0
L -168.2000, -53.0000, -10.0000,  -168.2000, -45.8000, -10.0000,  0, 0, 0
L -168.6000, 38.6000, -10.0000,  -150.6000, 38.6000, -10.0000,  0, 0, 0
L -168.6000, 31.4000, -10.0000,  -168.6000, 38.6000, -10.0000,  0, 0, 0
L -150.6000, 31.4000, -10.0000,  -168.6000, 31.4000, -10.0000,  0, 0, 0
L -150.6000, 38.6000, -10.0000,  -150.6000, 31.4000, -10.0000,  0, 0, 0
L -150.4000, -4.3000, -10.0000,  -168.4000, -4.3000, -10.0000,  0, 0, 0
L -150.4000, 2.9000, -10.0000,  -150.4000, -4.3000, -10.0000,  0, 0, 0
L -168.4000, 2.9000, -10.0000,  -150.4000, 2.9000, -10.0000,  0, 0, 0
L -168.4000, -4.3000, -10.0000,  -168.4000, 2.9000, -10.0000,  0, 0, 0
L -150.6000, 64.2000, -10.0000,  -150.6000, 57.0000, -10.0000,  0, 0, 0
L -168.6000, 64.2000, -10.0000,  -150.6000, 64.2000, -10.0000,  0, 0, 0
L -150.6000, 57.0000, -10.0000,  -168.6000, 57.0000, -10.0000,  0, 0, 0
L -168.6000, 57.0000, -10.0000,  -168.6000, 64.2000, -10.0000,  0, 0, 0
L -7.8000, -173.4000, -10.0000,  -7.8000, -173.6000, -10.0000,  0, 0, 0
L -136.6000, -173.6000, -10.0000,  -136.6000, -191.6000, -10.0000,  0, 0, 0
L -136.6000, -191.6000, -10.0000,  -143.8000, -191.6000, -10.0000,  0, 0, 0
L -143.8000, -191.6000, -10.0000,  -143.8000, -173.6000, -10.0000,  0, 0, 0
L -143.8000, -173.6000, -10.0000,  -136.6000, -173.6000, -10.0000,  0, 0, 0
L -118.3000, -173.6000, -10.0000,  -111.0000, -173.6000, -10.0000,  0, 0, 0
L -82.5000, -173.6000, -10.0000,  -75.3000, -173.6000, -10.0000,  0, 0, 0
L -111.0000, -191.6000, -10.0000,  -118.3000, -191.6000, -10.0000,  0, 0, 0
L -111.0000, -173.6000, -10.0000,  -111.0000, -191.6000, -10.0000,  0, 0, 0
L -118.3000, -191.6000, -10.0000,  -118.3000, -173.6000, -10.0000,  0, 0, 0
L -75.3000, -191.6000, -10.0000,  -82.5000, -191.6000, -10.0000,  0, 0, 0
L -82.5000, -191.6000, -10.0000,  -82.5000, -173.6000, -10.0000,  0, 0, 0
L -75.3000, -173.6000, -10.0000,  -75.3000, -191.6000, -10.0000,  0, 0, 0
L -7.8000, -173.7000, -10.0000,  -7.8000, -173.6000, -10.0000,  0, 0, 0
L -0.6000, -173.6000, -10.0000,  -0.6000, -173.7000, -10.0000,  0, 0, 0
L -7.8000, -191.6000, -10.0000,  -7.8000, -173.7000, -10.0000,  0, 0, 0
L -0.6000, -191.6000, -10.0000,  -7.8000, -191.6000, -10.0000,  0, 0, 0
L -0.6000, -173.7000, -10.0000,  -0.6000, -191.6000, -10.0000,  0, 0, 0
L -7.8000, -173.6000, -10.0000,  -0.6000, -173.6000, -10.0000,  0, 0, 0
L -26.8000, -191.6000, -10.0000,  -34.0000, -191.6000, -10.0000,  0, 0, 0
L -26.8000, -173.6000, -10.0000,  -26.8000, -173.7000, -10.0000,  0, 0, 0
L -34.0000, -173.7000, -10.0000,  -34.0000, -173.6000, -10.0000,  0, 0, 0
L -34.0000, -191.6000, -10.0000,  -34.0000, -173.7000, -10.0000,  0, 0, 0
L -26.8000, -173.7000, -10.0000,  -26.8000, -191.6000, -10.0000,  0, 0, 0
L -34.0000, -173.6000, -10.0000,  -26.8000, -173.6000, -10.0000,  0, 0, 0
L 1098.8998, 282.2000, -10.0000,  1091.7000, 282.3000, -10.0000,  0, 0, 0
L 1091.7000, 300.3000, -10.0000,  1098.8998, 300.3000, -10.0000,  0, 0, 0
L 1098.8998, 300.2000, -10.0000,  1098.8998, 282.2000, -10.0000,  0, 0, 0
L 1091.7000, 282.3000, -10.0000,  1091.7000, 300.3000, -10.0000,  0, 0, 0
L 1098.8998, 300.3000, -10.0000,  1098.8998, 300.2000, -10.0000,  0, 0, 0
L 1133.2000, 300.3000, -10.0000,  1133.2000, 300.2000, -10.0000,  0, 0, 0
L 1133.2000, 300.2000, -10.0000,  1133.2000, 282.3000, -10.0000,  0, 0, 0
L 1133.2000, 282.3000, -10.0000,  1126.0000, 282.3000, -10.0000,  0, 0, 0
L 1126.0000, 300.3000, -10.0000,  1133.2000, 300.3000, -10.0000,  0, 0, 0
L 1126.0000, 282.3000, -10.0000,  1126.0000, 300.3000, -10.0000,  0, 0, 0
L 960.0000, 293.2000, -10.0000,  978.0000, 293.3000, -10.0000,  0, 0, 0
L 959.9000, 293.2000, -10.0000,  960.0000, 293.2000, -10.0000,  0, 0, 0
L 978.0000, 286.1000, -10.0000,  960.0000, 286.0000, -10.0000,  0, 0, 0
L 960.0000, 286.0000, -10.0000,  959.9000, 293.2000, -10.0000,  0, 0, 0
L 978.0000, 293.3000, -10.0000,  978.0000, 286.1000, -10.0000,  0, 0, 0
L 960.2000, 267.7000, -10.0000,  978.1000, 267.7000, -10.0000,  0, 0, 0
L 960.1000, 260.4000, -10.0000,  960.0000, 267.7000, -10.0000,  0, 0, 0
L 978.1000, 260.5000, -10.0000,  960.1000, 260.4000, -10.0000,  0, 0, 0
L 960.0000, 267.7000, -10.0000,  960.2000, 267.7000, -10.0000,  0, 0, 0
L 978.1000, 267.7000, -10.0000,  978.1000, 260.5000, -10.0000,  0, 0, 0
L 978.1000, 231.7000, -10.0000,  978.1000, 224.5000, -10.0000,  0, 0, 0
L 960.1000, 224.4000, -10.0000,  960.1000, 231.7000, -10.0000,  0, 0, 0
L 960.1000, 231.7000, -10.0000,  960.2000, 231.7000, -10.0000,  0, 0, 0
L 960.2000, 231.7000, -10.0000,  978.1000, 231.7000, -10.0000,  0, 0, 0
L 978.1000, 224.5000, -10.0000,  960.1000, 224.4000, -10.0000,  0, 0, 0
L 978.1000, 175.8000, -10.0000,  960.1000, 175.7000, -10.0000,  0, 0, 0
L 978.1000, 183.0000, -10.0000,  978.1000, 175.8000, -10.0000,  0, 0, 0
L 960.2000, 182.9000, -10.0000,  978.1000, 183.0000, -10.0000,  0, 0, 0
L 960.1000, 175.7000, -10.0000,  960.1000, 182.9000, -10.0000,  0, 0, 0
L 960.1000, 182.9000, -10.0000,  960.2000, 182.9000, -10.0000,  0, 0, 0
L 960.2000, 149.1000, -10.0000,  960.1000, 156.3000, -10.0000,  0, 0, 0
L 960.1000, 156.3000, -10.0000,  960.2000, 156.3000, -10.0000,  0, 0, 0
L 978.1000, 156.4000, -10.0000,  978.1000, 149.2000, -10.0000,  0, 0, 0
L 978.1000, 149.2000, -10.0000,  960.2000, 149.1000, -10.0000,  0, 0, 0
L 960.2000, 156.3000, -10.0000,  978.1000, 156.4000, -10.0000,  0, 0, 0
L 996.2000, 99.3000, -9.5000,  970.7000, 99.4000, -9.5000,  0, 0, 255
L -471.6000, 947.4000, -87.5000,  -471.6000, 997.4000, -87.5000,  0, 0, 255
L -672.7000, 981.5000, -87.5000,  -699.3000, 967.9000, -87.5000,  0, 0, 255
L -699.3000, 967.9000, -87.5000,  -729.1000, 967.2000, -87.5000,  0, 0, 255
L -537.5000, 964.8000, -87.5000,  -566.3000, 972.5000, -87.5000,  0, 0, 255
L -479.4000, 997.4000, -87.5000,  -483.4000, 989.9000, -87.5000,  0, 0, 255
L -448.6000, 947.4000, -85.0000,  -471.6000, 947.4000, -87.5000,  0, 0, 255
L -600.9000, 1019.0000, -87.5000,  -599.9000, 1049.0000, -87.5000,  0, 0, 255
L -781.4000, 998.4000, -87.5000,  -781.4000, 971.6000, -87.5000,  0, 0, 255
L -483.4000, 989.9000, -87.5000,  -508.1000, 970.4000, -87.5000,  0, 0, 255
L -772.2000, 998.4000, -87.5000,  -781.4000, 998.4000, -87.5000,  0, 0, 255
L -729.1000, 967.2000, -87.5000,  -755.0000, 978.9000, -87.5000,  0, 0, 255
L -508.1000, 970.4000, -87.5000,  -537.5000, 964.8000, -87.5000,  0, 0, 255
L -471.6000, 997.4000, -87.5000,  -479.4000, 997.4000, -87.5000,  0, 0, 255
L -648.8000, 1034.5000, -87.5000,  -654.7000, 1005.3000, -87.5000,  0, 0, 255
L -755.0000, 978.9000, -87.5000,  -772.2000, 998.4000, -87.5000,  0, 0, 255
L -654.7000, 1005.3000, -87.5000,  -672.7000, 981.5000, -87.5000,  0, 0, 255
L -566.3000, 972.5000, -87.5000,  -588.9000, 991.9000, -87.5000,  0, 0, 255
L -588.9000, 991.9000, -87.5000,  -600.9000, 1019.0000, -87.5000,  0, 0, 255
L 640.6000, -171.4000, -26.0000,  640.6000, -237.4000, -26.0000,  150, 150, 150
L 640.6000, -69.6000, -26.0000,  640.6000, -107.3000, -26.0000,  150, 150, 150
L 594.0000, -172.0000, -13.0000,  599.8000, -171.9000, -14.6000,  150, 150, 150
L 594.0000, -108.0000, -13.0000,  599.8000, -107.9000, -14.6000,  150, 150, 150
L 640.6000, -107.3000, -26.0000,  640.6000, -171.4000, -26.0000,  150, 150, 150
L 594.0000, -108.0000, -13.0000,  594.0000, -172.0000, -13.0000,  150, 150, 150
L 617.3000, -107.7000, -19.5000,  623.1000, -107.6000, -21.1000,  150, 150, 150
L 617.3000, -171.7000, -19.5000,  623.1000, -171.6000, -21.1000,  150, 150, 150
L 617.3000, -107.7000, -19.5000,  617.3000, -171.7000, -19.5000,  150, 150, 150
L 605.6000, -107.8000, -16.2000,  611.5000, -107.7000, -17.9000,  150, 150, 150
L 606.4000, -171.8000, -16.5000,  611.5000, -171.8000, -17.9000,  150, 150, 150
L 605.6000, -107.8000, -16.2000,  606.4000, -171.8000, -16.5000,  150, 150, 150
L 629.0000, -107.5000, -22.8000,  634.8000, -107.4000, -24.4000,  150, 150, 150
L 629.0000, -171.6000, -22.8000,  634.8000, -171.5000, -24.4000,  150, 150, 150
L 629.0000, -107.5000, -22.8000,  629.0000, -171.6000, -22.8000,  150, 150, 150
L 634.8000, -107.4000, -24.4000,  640.6000, -107.3000, -26.0000,  150, 150, 150
L 634.8000, -171.5000, -24.4000,  640.6000, -171.4000, -26.0000,  150, 150, 150
L 634.8000, -107.4000, -24.4000,  634.8000, -171.5000, -24.4000,  150, 150, 150
L 623.1000, -107.6000, -21.1000,  629.0000, -107.5000, -22.8000,  150, 150, 150
L 623.1000, -171.6000, -21.1000,  629.0000, -171.6000, -22.8000,  150, 150, 150
L 623.1000, -107.6000, -21.1000,  623.1000, -171.6000, -21.1000,  150, 150, 150
L 611.5000, -107.7000, -17.9000,  617.3000, -107.7000, -19.5000,  150, 150, 150
L 611.5000, -171.8000, -17.9000,  617.3000, -171.7000, -19.5000,  150, 150, 150
L 611.5000, -107.7000, -17.9000,  611.5000, -171.8000, -17.9000,  150, 150, 150
L 599.8000, -107.9000, -14.6000,  605.6000, -107.8000, -16.2000,  150, 150, 150
L 599.8000, -171.9000, -14.6000,  606.4000, -171.8000, -16.5000,  150, 150, 150
L 599.8000, -107.9000, -14.6000,  599.8000, -171.9000, -14.6000,  150, 150, 150
L 840.0000, -109.0000, -9.0000,  840.0000, -173.0000, -9.0000,  150, 150, 150
L 799.2000, -172.5000, -20.4000,  793.4000, -172.4000, -22.0000,  150, 150, 150
L 799.2000, -108.4000, -20.4000,  799.2000, -172.5000, -20.4000,  150, 150, 150
L 816.7000, -108.7000, -15.5000,  810.9000, -108.6000, -17.1000,  150, 150, 150
L 834.2000, -108.9000, -10.6000,  834.2000, -172.9000, -10.6000,  150, 150, 150
L 822.5000, -108.7000, -13.9000,  822.5000, -172.8000, -13.9000,  150, 150, 150
L 810.9000, -108.6000, -17.1000,  810.9000, -172.6000, -17.1000,  150, 150, 150
L 793.4000, -108.3000, -22.0000,  793.4000, -172.4000, -22.0000,  150, 150, 150
L 828.4000, -108.8000, -12.2000,  827.6000, -172.8000, -12.5000,  150, 150, 150
L 805.0000, -108.5000, -18.8000,  805.0000, -172.6000, -18.8000,  150, 150, 150
L 840.0000, -109.0000, -9.0000,  834.2000, -108.9000, -10.6000,  150, 150, 150
L 805.0000, -108.5000, -18.8000,  799.2000, -108.4000, -20.4000,  150, 150, 150
L 834.2000, -108.9000, -10.6000,  828.4000, -108.8000, -12.2000,  150, 150, 150
L 840.0000, -173.0000, -9.0000,  834.2000, -172.9000, -10.6000,  150, 150, 150
L 834.2000, -172.9000, -10.6000,  827.6000, -172.8000, -12.5000,  150, 150, 150
L 816.7000, -108.7000, -15.5000,  816.7000, -172.7000, -15.5000,  150, 150, 150
L 828.4000, -108.8000, -12.2000,  822.5000, -108.7000, -13.9000,  150, 150, 150
L 822.5000, -108.7000, -13.9000,  816.7000, -108.7000, -15.5000,  150, 150, 150
L 805.0000, -172.6000, -18.8000,  799.2000, -172.5000, -20.4000,  150, 150, 150
L 810.9000, -172.6000, -17.1000,  805.0000, -172.6000, -18.8000,  150, 150, 150
L 822.5000, -172.8000, -13.9000,  816.7000, -172.7000, -15.5000,  150, 150, 150
L 827.6000, -172.8000, -12.5000,  822.5000, -172.8000, -13.9000,  150, 150, 150
L 810.9000, -108.6000, -17.1000,  805.0000, -108.5000, -18.8000,  150, 150, 150
L 816.7000, -172.7000, -15.5000,  810.9000, -172.6000, -17.1000,  150, 150, 150
L 799.2000, -108.4000, -20.4000,  793.4000, -108.3000, -22.0000,  150, 150, 150
L 1067.3998, 105.6000, -26.0000,  1133.3998, 105.6000, -26.0000,  150, 150, 150
L 1067.3998, 77.7000, -26.0000,  1067.3998, 105.6000, -26.0000,  150, 150, 150
L 1067.3998, 77.7000, -26.0000,  1067.6000, 73.0000, -22.8000,  150, 150, 150
L 1004.4000, 77.7000, -24.0000,  1004.4000, 105.6000, -24.0000,  150, 150, 150
L 1004.4000, 77.7000, -24.0000,  1004.7000, 68.3000, -17.5000,  150, 150, 150
L 1004.4000, 105.6000, -24.0000,  982.6000, 105.6000, -26.0000,  150, 150, 150
L 1067.3998, 77.7000, -26.0000,  1004.4000, 77.7000, -24.0000,  150, 150, 150
L 1068.0000, 59.0000, -13.0000,  1005.0000, 59.0000, -11.0000,  150, 150, 150
L 1067.7000, 68.3000, -19.5000,  1067.7997, 63.7000, -16.2000,  150, 150, 150
L 1004.7000, 68.3000, -17.5000,  1004.9000, 63.0000, -13.8000,  150, 150, 150
L 1067.7000, 68.3000, -19.5000,  1004.7000, 68.3000, -17.5000,  150, 150, 150
L 1067.6000, 73.0000, -22.8000,  1067.7000, 68.3000, -19.5000,  150, 150, 150
L 1067.6000, 73.0000, -22.8000,  1004.7000, 73.0000, -20.8000,  150, 150, 150
L 1004.9000, 63.0000, -13.8000,  1005.0000, 59.0000, -11.0000,  150, 150, 150
L 1067.7997, 63.7000, -16.2000,  1004.9000, 63.0000, -13.8000,  150, 150, 150
L 1067.7997, 63.7000, -16.2000,  1068.0000, 59.0000, -13.0000,  150, 150, 150
L 1006.6000, 292.3000, -22.0000,  1004.6000, 266.4000, -26.0000,  150, 150, 150
L 1069.2997, 301.7000, -13.5000,  1069.1000, 307.0000, -9.8000,  150, 150, 150
L 1006.0000, 311.0000, -9.0000,  1069.0000, 311.0000, -7.0000,  150, 150, 150
L 1069.6000, 292.3000, -20.0000,  1069.2997, 301.7000, -13.5000,  150, 150, 150
L 1006.6000, 292.3000, -22.0000,  1006.4000, 297.0000, -18.8000,  150, 150, 150
L 1069.1000, 307.0000, -9.8000,  1069.0000, 311.0000, -7.0000,  150, 150, 150
L 1006.1000, 306.3000, -12.2000,  1069.1000, 307.0000, -9.8000,  150, 150, 150
L 1006.1000, 306.3000, -12.2000,  1006.0000, 311.0000, -9.0000,  150, 150, 150
L 1006.4000, 297.0000, -18.8000,  1006.3000, 301.7000, -15.5000,  150, 150, 150
L 1006.4000, 297.0000, -18.8000,  1069.2997, 297.0000, -16.8000,  150, 150, 150
L 1069.6000, 292.3000, -20.0000,  1067.3998, 266.4000, -26.0000,  150, 150, 150
L 1006.6000, 292.3000, -22.0000,  1069.6000, 292.3000, -20.0000,  150, 150, 150
L 1006.3000, 301.7000, -15.5000,  1069.2997, 301.7000, -13.5000,  150, 150, 150
L 1006.3000, 301.7000, -15.5000,  1006.1000, 306.3000, -12.2000,  150, 150, 150
L 1139.2997, 148.4000, -26.0000,  1148.7000, 148.7000, -19.5000,  150, 150, 150
L 1153.2997, 211.9000, -18.2000,  1154.0000, 148.9000, -15.8000,  150, 150, 150
L 1144.0000, 211.6000, -24.8000,  1144.0000, 148.7000, -22.8000,  150, 150, 150
L 1139.2997, 211.4000, -28.0000,  1139.2997, 148.4000, -26.0000,  150, 150, 150
L 1148.6000, 211.7000, -21.5000,  1148.7000, 148.7000, -19.5000,  150, 150, 150
L 1144.0000, 211.6000, -24.8000,  1148.6000, 211.7000, -21.5000,  150, 150, 150
L 1158.0000, 212.0000, -15.0000,  1158.0000, 149.0000, -13.0000,  150, 150, 150
L 1139.2997, 148.4000, -26.0000,  1133.3998, 148.4000, -26.0000,  150, 150, 150
L 1139.2997, 211.4000, -28.0000,  1133.7997, 211.4000, -28.0000,  150, 150, 150
L 1148.7000, 148.7000, -19.5000,  1154.0000, 148.9000, -15.8000,  150, 150, 150
L 1154.0000, 148.9000, -15.8000,  1158.0000, 149.0000, -13.0000,  150, 150, 150
L 1139.2997, 211.4000, -28.0000,  1144.0000, 211.6000, -24.8000,  150, 150, 150
L 1153.2997, 211.9000, -18.2000,  1158.0000, 212.0000, -15.0000,  150, 150, 150
L 1148.6000, 211.7000, -21.5000,  1153.2997, 211.9000, -18.2000,  150, 150, 150
L -24.3000, 632.4000, -88.5000,  -87.3000, 632.4000, -86.5000,  150, 150, 150
L -87.6000, 641.7000, -93.0000,  -87.6000, 669.6000, -93.0000,  150, 150, 150
L -24.2000, 627.7000, -85.2000,  -24.0000, 623.0000, -82.0000,  150, 150, 150
L -87.3000, 632.4000, -86.5000,  -87.1000, 627.0000, -82.8000,  150, 150, 150
L -24.3000, 632.4000, -88.5000,  -24.2000, 627.7000, -85.2000,  150, 150, 150
L -24.6000, 641.7000, -95.0000,  -24.4000, 637.0000, -91.8000,  150, 150, 150
L -24.6000, 641.7000, -95.0000,  -24.6000, 669.6000, -95.0000,  150, 150, 150
L -24.2000, 627.7000, -85.2000,  -87.1000, 627.0000, -82.8000,  150, 150, 150
L -87.6000, 641.7000, -93.0000,  -87.3000, 632.4000, -86.5000,  150, 150, 150
L -24.0000, 623.0000, -82.0000,  -87.0000, 623.0000, -80.0000,  150, 150, 150
L -87.1000, 627.0000, -82.8000,  -87.0000, 623.0000, -80.0000,  150, 150, 150
L -24.6000, 641.7000, -95.0000,  -87.6000, 641.7000, -93.0000,  150, 150, 150
L -24.4000, 637.0000, -91.8000,  -87.3000, 637.0000, -89.8000,  150, 150, 150
L -24.4000, 637.0000, -91.8000,  -24.3000, 632.4000, -88.5000,  150, 150, 150
L -86.5000, 879.0000, -91.8000,  -23.7000, 879.0000, -89.8000,  150, 150, 150
L -23.9000, 889.0000, -82.8000,  -24.0000, 893.0000, -80.0000,  150, 150, 150
L -87.0000, 893.0000, -82.0000,  -24.0000, 893.0000, -80.0000,  150, 150, 150
L -23.4000, 874.3000, -93.0000,  -23.4000, 846.4000, -93.0000,  150, 150, 150
L -86.8000, 888.3000, -85.2000,  -23.9000, 889.0000, -82.8000,  150, 150, 150
L -86.4000, 874.3000, -95.0000,  -23.4000, 874.3000, -93.0000,  150, 150, 150
L -86.7000, 883.6000, -88.5000,  -86.8000, 888.3000, -85.2000,  150, 150, 150
L -86.4000, 874.3000, -95.0000,  -86.5000, 879.0000, -91.8000,  150, 150, 150
L -23.4000, 874.3000, -93.0000,  -23.7000, 883.6000, -86.5000,  150, 150, 150
L -86.8000, 888.3000, -85.2000,  -87.0000, 893.0000, -82.0000,  150, 150, 150
L -86.7000, 883.6000, -88.5000,  -23.7000, 883.6000, -86.5000,  150, 150, 150
L -86.5000, 879.0000, -91.8000,  -86.7000, 883.6000, -88.5000,  150, 150, 150
L -23.7000, 883.6000, -86.5000,  -23.9000, 889.0000, -82.8000,  150, 150, 150
L -23.4000, 846.4000, -93.0000,  66.4000, 846.4000, -93.0000,  150, 150, 150
L -86.4000, 874.3000, -95.0000,  -88.3000, 823.4000, -93.0000,  150, 150, 150
L 75.0000, 785.6000, -89.8000,  79.6000, 785.7000, -86.5000,  150, 150, 150
L 79.6000, 785.7000, -86.5000,  84.3000, 785.9000, -83.2000,  150, 150, 150
L 70.3000, 785.4000, -93.0000,  75.0000, 785.6000, -89.8000,  150, 150, 150
L 85.0000, 722.9000, -80.8000,  89.0000, 723.0000, -78.0000,  150, 150, 150
L 75.0000, 785.6000, -89.8000,  75.0000, 722.7000, -87.8000,  150, 150, 150
L 79.6000, 785.7000, -86.5000,  79.7000, 722.7000, -84.5000,  150, 150, 150
L 70.3000, 722.4000, -91.0000,  79.7000, 722.7000, -84.5000,  150, 150, 150
L 84.3000, 785.9000, -83.2000,  85.0000, 722.9000, -80.8000,  150, 150, 150
L 79.7000, 722.7000, -84.5000,  85.0000, 722.9000, -80.8000,  150, 150, 150
L 84.3000, 785.9000, -83.2000,  89.0000, 786.0000, -80.0000,  150, 150, 150
L 89.0000, 786.0000, -80.0000,  89.0000, 723.0000, -78.0000,  150, 150, 150
L 70.3000, 785.4000, -93.0000,  70.3000, 722.4000, -91.0000,  150, 150, 150
L 70.3000, 785.4000, -93.0000,  66.4000, 787.2000, -91.1000,  150, 150, 150
L 70.3000, 722.4000, -91.0000,  66.4000, 722.6000, -93.0000,  150, 150, 150
L -149.6000, 786.3000, -86.5000,  -155.0000, 786.1000, -82.8000,  150, 150, 150
L -154.3000, 723.1000, -85.2000,  -155.0000, 786.1000, -82.8000,  150, 150, 150
L -154.3000, 723.1000, -85.2000,  -159.0000, 723.0000, -82.0000,  150, 150, 150
L -159.0000, 723.0000, -82.0000,  -159.0000, 786.0000, -80.0000,  150, 150, 150
L -140.3000, 723.6000, -95.0000,  -140.3000, 786.6000, -93.0000,  150, 150, 150
L -149.6000, 723.3000, -88.5000,  -149.6000, 786.3000, -86.5000,  150, 150, 150
L -140.3000, 786.6000, -93.0000,  -136.4000, 786.4000, -95.0000,  150, 150, 150
L -140.3000, 786.6000, -93.0000,  -149.6000, 786.3000, -86.5000,  150, 150, 150
L -149.6000, 723.3000, -88.5000,  -154.3000, 723.1000, -85.2000,  150, 150, 150
L -145.0000, 723.4000, -91.8000,  -149.6000, 723.3000, -88.5000,  150, 150, 150
L -140.3000, 723.6000, -95.0000,  -145.0000, 723.4000, -91.8000,  150, 150, 150
L -155.0000, 786.1000, -82.8000,  -159.0000, 786.0000, -80.0000,  150, 150, 150
L -145.0000, 723.4000, -91.8000,  -145.0000, 786.3000, -89.8000,  150, 150, 150
L -136.4000, 823.4000, -93.0000,  -136.4000, 786.4000, -95.0000,  150, 150, 150
L -140.3000, 723.6000, -95.0000,  -136.4000, 723.6000, -95.0000,  150, 150, 150
L 2.0000, 410.0000, -103.0000,  -16.0000, 428.0000, -103.0000,  0, 255, 0
L 2.0000, 315.0000, -103.0000,  2.0000, 410.0000, -103.0000,  0, 255, 0
L -101.0000, 428.0000, -103.0000,  -118.0000, 410.0000, -103.0000,  0, 255, 0
L -118.0000, 410.0000, -103.0000,  -118.0000, 315.0000, -103.0000,  0, 255, 0
L -118.0000, 315.0000, -103.0000,  2.0000, 315.0000, -103.0000,  0, 255, 0
L -101.0000, 428.0000, -103.0000,  -77.1000, 428.0000, -103.0000,  0, 255, 0
L -77.1000, 428.0000, -103.0000,  -36.8000, 428.0000, -103.0000,  150, 150, 150
L -36.8000, 428.0000, -103.0000,  -16.0000, 428.0000, -103.0000,  0, 255, 0
L -86.0000, 506.0000, -69.0000,  -77.1000, 506.0000, -69.0000,  0, 255, 0
L -77.1000, 506.0000, -69.0000,  -36.8000, 506.0000, -69.0000,  150, 150, 150
L -36.8000, 506.0000, -69.0000,  -26.0000, 506.0000, -69.0000,  0, 255, 0
L -77.1000, 428.0000, -103.0000,  -77.1000, 437.8000, -98.8000,  0, 255, 0
L -36.8000, 428.0000, -103.0000,  -36.8000, 437.8000, -98.8000,  0, 255, 0
L -77.1000, 467.0000, -86.0000,  -77.1000, 476.8000, -81.8000,  0, 255, 0
L -36.8000, 467.0000, -86.0000,  -36.8000, 476.8000, -81.8000,  0, 255, 0
L -77.1000, 467.0000, -86.0000,  -36.8000, 467.0000, -86.0000,  150, 150, 150
L -77.1000, 447.5000, -94.5000,  -77.1000, 457.2000, -90.2000,  0, 255, 0
L -36.8000, 447.5000, -94.5000,  -36.8000, 457.2000, -90.2000,  0, 255, 0
L -77.1000, 447.5000, -94.5000,  -36.8000, 447.5000, -94.5000,  150, 150, 150
L -77.1000, 437.8000, -98.8000,  -77.1000, 447.5000, -94.5000,  0, 255, 0
L -36.8000, 437.8000, -98.8000,  -36.8000, 447.5000, -94.5000,  0, 255, 0
L -77.1000, 437.8000, -98.8000,  -36.8000, 437.8000, -98.8000,  150, 150, 150
L -77.1000, 457.2000, -90.2000,  -77.1000, 467.0000, -86.0000,  0, 255, 0
L -36.8000, 457.2000, -90.2000,  -36.8000, 467.0000, -86.0000,  0, 255, 0
L -77.1000, 457.2000, -90.2000,  -36.8000, 457.2000, -90.2000,  150, 150, 150
L -77.1000, 486.5000, -77.5000,  -77.1000, 496.2000, -73.2000,  0, 255, 0
L -36.8000, 486.5000, -77.5000,  -36.8000, 496.2000, -73.2000,  0, 255, 0
L -77.1000, 486.5000, -77.5000,  -36.8000, 486.5000, -77.5000,  150, 150, 150
L -77.1000, 476.8000, -81.8000,  -77.1000, 486.5000, -77.5000,  0, 255, 0
L -36.8000, 476.8000, -81.8000,  -36.8000, 486.5000, -77.5000,  0, 255, 0
L -77.1000, 476.8000, -81.8000,  -36.8000, 476.8000, -81.8000,  150, 150, 150
L -77.1000, 496.2000, -73.2000,  -77.1000, 506.0000, -69.0000,  0, 255, 0
L -36.8000, 496.2000, -73.2000,  -36.8000, 506.0000, -69.0000,  0, 255, 0
L -77.1000, 496.2000, -73.2000,  -36.8000, 496.2000, -73.2000,  150, 150, 150
L 360.5000, 732.0000, -96.5000,  350.7000, 732.0000, -92.2000,  0, 255, 0
L 341.0000, 732.0000, -88.0000,  341.0000, 772.4000, -88.0000,  150, 150, 150
L 360.5000, 732.0000, -96.5000,  360.5000, 772.4000, -96.5000,  150, 150, 150
L 341.0000, 772.4000, -88.0000,  331.3000, 772.4000, -83.8000,  0, 255, 0
L 370.3000, 732.0000, -100.8000,  360.5000, 732.0000, -96.5000,  0, 255, 0
L 350.7000, 732.0000, -92.2000,  350.7000, 772.4000, -92.2000,  150, 150, 150
L 380.0000, 732.0000, -105.0000,  380.0000, 772.4000, -105.0000,  150, 150, 150
L 321.5000, 772.4000, -79.5000,  311.7000, 772.4000, -75.2000,  0, 255, 0
L 370.2000, 772.4000, -100.8000,  360.5000, 772.4000, -96.5000,  0, 255, 0
L 311.7000, 732.0000, -75.2000,  311.7000, 772.4000, -75.2000,  150, 150, 150
L 380.0000, 772.4000, -105.0000,  370.2000, 772.4000, -100.8000,  0, 255, 0
L 331.3000, 772.4000, -83.8000,  321.5000, 772.4000, -79.5000,  0, 255, 0
L 311.7000, 732.0000, -75.2000,  302.0000, 732.0000, -71.0000,  0, 255, 0
L 350.7000, 732.0000, -92.2000,  341.0000, 732.0000, -88.0000,  0, 255, 0
L 370.3000, 732.0000, -100.8000,  370.2000, 772.4000, -100.8000,  150, 150, 150
L 350.7000, 772.4000, -92.2000,  341.0000, 772.4000, -88.0000,  0, 255, 0
L 341.0000, 732.0000, -88.0000,  331.2000, 732.0000, -83.8000,  0, 255, 0
L 321.5000, 732.0000, -79.5000,  311.7000, 732.0000, -75.2000,  0, 255, 0
L 321.5000, 732.0000, -79.5000,  321.5000, 772.4000, -79.5000,  150, 150, 150
L 331.2000, 732.0000, -83.8000,  331.3000, 772.4000, -83.8000,  150, 150, 150
L 302.0000, 732.0000, -71.0000,  302.0000, 772.4000, -71.0000,  150, 150, 150
L 331.2000, 732.0000, -83.8000,  321.5000, 732.0000, -79.5000,  0, 255, 0
L 360.5000, 772.4000, -96.5000,  350.7000, 772.4000, -92.2000,  0, 255, 0
L 311.7000, 772.4000, -75.2000,  302.0000, 772.4000, -71.0000,  0, 255, 0
L 380.0000, 732.0000, -105.0000,  370.3000, 732.0000, -100.8000,  0, 255, 0
L 302.0000, 732.0000, -71.0000,  263.0000, 732.0000, -71.0000,  0, 255, 0
L 263.0000, 724.0000, -71.0000,  263.0000, 732.0000, -71.0000,  0, 255, 0
L 263.0000, 772.0000, -71.0000,  263.0000, 784.0000, -71.0000,  0, 255, 0
L 302.0000, 772.4000, -71.0000,  263.0000, 772.0000, -71.0000,  0, 255, 0
L 379.0000, 775.0000, -105.0000,  379.0000, 773.0000, -105.0000,  0, 255, 0
L 379.0000, 775.0000, -105.0000,  379.0000, 804.0000, -105.0000,  0, 255, 0
L 522.0000, 804.0000, -105.0000,  493.0000, 804.0000, -105.0000,  0, 255, 0
L 463.0000, 804.0000, -105.0000,  379.0000, 804.0000, -105.0000,  0, 255, 0
L 461.0000, 920.0000, -73.0000,  460.0000, 884.0000, -73.0000,  0, 255, 0
L 460.0000, 884.0000, -73.0000,  463.0000, 884.0000, -73.0000,  0, 255, 0
L 463.0000, 884.0000, -73.0000,  463.0000, 872.0000, -73.0000,  0, 255, 0
L 496.0000, 919.0000, -73.0000,  496.0000, 883.8000, -73.0000,  0, 255, 0
L 493.0000, 883.8000, -73.0000,  496.0000, 883.8000, -73.0000,  0, 255, 0
L 493.0000, 883.8000, -73.0000,  493.0000, 872.0000, -73.0000,  0, 255, 0
L 463.0000, 872.0000, -73.0000,  493.0000, 872.0000, -73.0000,  150, 150, 150
L 463.0000, 804.0000, -105.0000,  463.0000, 812.5000, -101.0000,  0, 255, 0
L 493.0000, 804.0000, -105.0000,  493.0000, 812.5000, -101.0000,  0, 255, 0
L 463.0000, 804.0000, -105.0000,  493.0000, 804.0000, -105.0000,  150, 150, 150
L 463.0000, 838.0000, -89.0000,  463.0000, 846.5000, -85.0000,  0, 255, 0
L 493.0000, 838.0000, -89.0000,  493.0000, 846.5000, -85.0000,  0, 255, 0
L 463.0000, 838.0000, -89.0000,  493.0000, 838.0000, -89.0000,  150, 150, 150
L 463.0000, 821.0000, -97.0000,  463.0000, 829.5000, -93.0000,  0, 255, 0
L 493.0000, 821.0000, -97.0000,  493.0000, 829.5000, -93.0000,  0, 255, 0
L 463.0000, 821.0000, -97.0000,  493.0000, 821.0000, -97.0000,  150, 150, 150
L 463.0000, 812.5000, -101.0000,  463.0000, 821.0000, -97.0000,  0, 255, 0
L 493.0000, 812.5000, -101.0000,  493.0000, 821.0000, -97.0000,  0, 255, 0
L 463.0000, 812.5000, -101.0000,  493.0000, 812.5000, -101.0000,  150, 150, 150
L 463.0000, 829.5000, -93.0000,  463.0000, 838.0000, -89.0000,  0, 255, 0
L 493.0000, 829.5000, -93.0000,  493.0000, 838.0000, -89.0000,  0, 255, 0
L 463.0000, 829.5000, -93.0000,  493.0000, 829.5000, -93.0000,  150, 150, 150
L 463.0000, 855.0000, -81.0000,  463.0000, 863.5000, -77.0000,  0, 255, 0
L 493.0000, 855.0000, -81.0000,  493.0000, 863.5000, -77.0000,  0, 255, 0
L 463.0000, 855.0000, -81.0000,  493.0000, 855.0000, -81.0000,  150, 150, 150
L 463.0000, 846.5000, -85.0000,  463.0000, 855.0000, -81.0000,  0, 255, 0
L 493.0000, 846.5000, -85.0000,  493.0000, 855.0000, -81.0000,  0, 255, 0
L 463.0000, 846.5000, -85.0000,  493.0000, 846.5000, -85.0000,  150, 150, 150
L 463.0000, 863.5000, -77.0000,  463.0000, 872.0000, -73.0000,  0, 255, 0
L 493.0000, 863.5000, -77.0000,  493.0000, 872.0000, -73.0000,  0, 255, 0
L 463.0000, 863.5000, -77.0000,  493.0000, 863.5000, -77.0000,  150, 150, 150
L 380.0000, 684.0000, -105.0000,  522.0000, 684.0000, -105.0000,  0, 255, 0
L 522.0000, 684.0000, -105.0000,  540.0000, 702.0000, -105.0000,  0, 255, 0
L 540.0000, 787.0000, -105.0000,  522.0000, 804.0000, -105.0000,  0, 255, 0
L 540.0000, 787.0000, -105.0000,  540.0000, 763.4000, -105.0000,  0, 255, 0
L 540.0000, 723.0000, -105.0000,  540.0000, 702.0000, -105.0000,  0, 255, 0
L 598.5000, 763.4000, -79.5000,  608.2000, 763.4000, -75.2000,  0, 255, 0
L 579.0000, 763.4000, -88.0000,  579.0000, 723.0000, -88.0000,  150, 150, 150
L 569.3000, 763.4000, -92.2000,  569.3000, 723.0000, -92.2000,  150, 150, 150
L 618.0000, 763.4000, -71.0000,  618.0000, 723.0000, -71.0000,  150, 150, 150
L 549.8000, 763.4000, -100.8000,  549.8000, 723.0000, -100.8000,  150, 150, 150
L 540.0000, 763.4000, -105.0000,  549.8000, 763.4000, -100.8000,  0, 255, 0
L 559.5000, 763.4000, -96.5000,  559.5000, 723.0000, -96.5000,  150, 150, 150
L 608.2000, 763.4000, -75.2000,  608.3000, 723.0000, -75.2000,  150, 150, 150
L 540.0000, 723.0000, -105.0000,  549.8000, 723.0000, -100.8000,  0, 255, 0
L 598.5000, 723.0000, -79.5000,  608.3000, 723.0000, -75.2000,  0, 255, 0
L 569.3000, 763.4000, -92.2000,  579.0000, 763.4000, -88.0000,  0, 255, 0
L 598.5000, 763.4000, -79.5000,  598.5000, 723.0000, -79.5000,  150, 150, 150
L 549.8000, 723.0000, -100.8000,  559.5000, 723.0000, -96.5000,  0, 255, 0
L 559.5000, 763.4000, -96.5000,  569.3000, 763.4000, -92.2000,  0, 255, 0
L 540.0000, 763.4000, -105.0000,  540.0000, 763.0000, -105.0000,  150, 150, 150
L 569.3000, 723.0000, -92.2000,  579.0000, 723.0000, -88.0000,  0, 255, 0
L 579.0000, 763.4000, -88.0000,  588.8000, 763.4000, -83.8000,  0, 255, 0
L 588.8000, 763.4000, -83.8000,  588.7000, 723.0000, -83.8000,  150, 150, 150
L 588.8000, 763.4000, -83.8000,  598.5000, 763.4000, -79.5000,  0, 255, 0
L 608.3000, 723.0000, -75.2000,  618.0000, 723.0000, -71.0000,  0, 255, 0
L 579.0000, 723.0000, -88.0000,  588.7000, 723.0000, -83.8000,  0, 255, 0
L 559.5000, 723.0000, -96.5000,  569.3000, 723.0000, -92.2000,  0, 255, 0
L 549.8000, 763.4000, -100.8000,  559.5000, 763.4000, -96.5000,  0, 255, 0
L 608.2000, 763.4000, -75.2000,  618.0000, 763.4000, -71.0000,  0, 255, 0
L 588.7000, 723.0000, -83.8000,  598.5000, 723.0000, -79.5000,  0, 255, 0
L 540.0000, 763.0000, -105.0000,  540.0000, 723.0000, -105.0000,  150, 150, 150
L 551.4000, 1245.6000, -100.0000,  551.4000, 1323.3998, -100.0000,  0, 0, 255
L 435.6000, 1213.6000, -100.0000,  519.4000, 1213.6000, -100.0000,  0, 0, 255
L 519.4000, 1213.6000, -100.0000,  519.5000, 1223.6000, -100.0000,  0, 0, 255
L 519.5000, 1223.6000, -100.0000,  541.4000, 1223.2997, -100.0000,  0, 0, 255
L 541.5000, 1223.2997, -100.0000,  541.5000, 1245.1000, -100.0000,  0, 0, 255
L 551.4000, 1245.6000, -100.0000,  541.5000, 1245.1000, -100.0000,  0, 0, 255
L 435.6000, 1291.3998, -100.0000,  435.6000, 1213.6000, -100.0000,  0, 0, 255
L 467.6000, 1323.3998, -100.0000,  467.5000, 1313.3998, -100.0000,  0, 0, 255
L 551.4000, 1323.3998, -100.0000,  467.6000, 1323.3998, -100.0000,  0, 0, 255
L 408.6000, 1188.6000, -93.0000,  445.5000, 1188.6000, -93.0000,  150, 150, 150
L 445.5000, 1313.5000, -100.0000,  445.6000, 1291.3998, -100.0000,  0, 0, 255
L 508.5000, 1188.6000, -95.0000,  576.4000, 1188.6000, -93.0000,  150, 150, 150
L 467.5000, 1313.3998, -100.0000,  445.5000, 1313.5000, -100.0000,  0, 0, 255
L 445.6000, 1291.3998, -100.0000,  435.6000, 1291.3998, -100.0000,  0, 0, 255
L 408.6000, 1342.3998, -93.0000,  408.6000, 1188.6000, -93.0000,  150, 150, 150
L 448.9000, 1342.3998, -95.0000,  408.6000, 1342.3998, -93.0000,  150, 150, 150
L 576.4000, 1342.3998, -93.0000,  511.9000, 1342.3998, -93.0000,  150, 150, 150
L 508.5000, 1160.7000, -95.0000,  445.5000, 1160.7000, -93.0000,  150, 150, 150
L 508.9000, 1146.7000, -85.2000,  509.1000, 1142.0000, -82.0000,  150, 150, 150
L 508.8000, 1151.2997, -88.5000,  508.9000, 1146.7000, -85.2000,  150, 150, 150
L 446.0000, 1146.0000, -82.8000,  446.1000, 1142.0000, -80.0000,  150, 150, 150
L 445.8000, 1151.2997, -86.5000,  446.0000, 1146.0000, -82.8000,  150, 150, 150
L 445.5000, 1160.7000, -93.0000,  445.8000, 1151.2997, -86.5000,  150, 150, 150
L 508.8000, 1151.2997, -88.5000,  445.8000, 1151.2997, -86.5000,  150, 150, 150
L 508.7000, 1156.0000, -91.8000,  508.8000, 1151.2997, -88.5000,  150, 150, 150
L 508.7000, 1156.0000, -91.8000,  445.8000, 1156.0000, -89.8000,  150, 150, 150
L 445.5000, 1160.7000, -93.0000,  445.5000, 1188.6000, -93.0000,  150, 150, 150
L 508.5000, 1160.7000, -95.0000,  508.7000, 1156.0000, -91.8000,  150, 150, 150
L 509.1000, 1142.0000, -82.0000,  446.1000, 1142.0000, -80.0000,  150, 150, 150
L 508.5000, 1160.7000, -95.0000,  508.5000, 1188.6000, -95.0000,  150, 150, 150
L 508.9000, 1146.7000, -85.2000,  446.0000, 1146.0000, -82.8000,  150, 150, 150
L 448.5000, 1384.2997, -85.2000,  448.3000, 1389.0000, -82.0000,  150, 150, 150
L 511.9000, 1370.2997, -93.0000,  511.6000, 1379.6000, -86.5000,  150, 150, 150
L 448.6000, 1379.7000, -88.5000,  448.5000, 1384.2997, -85.2000,  150, 150, 150
L 448.3000, 1389.0000, -82.0000,  511.3000, 1389.0000, -80.0000,  150, 150, 150
L 511.9000, 1370.2997, -93.0000,  511.9000, 1342.3998, -93.0000,  150, 150, 150
L 448.8000, 1375.0000, -91.8000,  448.6000, 1379.7000, -88.5000,  150, 150, 150
L 448.5000, 1384.2997, -85.2000,  511.4000, 1385.0000, -82.8000,  150, 150, 150
L 448.6000, 1379.7000, -88.5000,  511.6000, 1379.6000, -86.5000,  150, 150, 150
L 448.8000, 1375.0000, -91.8000,  511.6000, 1375.0000, -89.8000,  150, 150, 150
L 511.6000, 1379.6000, -86.5000,  511.4000, 1385.0000, -82.8000,  150, 150, 150
L 511.4000, 1385.0000, -82.8000,  511.3000, 1389.0000, -80.0000,  150, 150, 150
L 448.9000, 1370.2997, -95.0000,  511.9000, 1370.2997, -93.0000,  150, 150, 150
L 448.9000, 1370.2997, -95.0000,  448.8000, 1375.0000, -91.8000,  150, 150, 150
L 448.9000, 1370.2997, -95.0000,  448.9000, 1342.3998, -95.0000,  150, 150, 150
L 576.4000, 1342.3998, -93.0000,  576.4000, 1188.6000, -93.0000,  150, 150, 150
L 538.6000, 1307.6000, -100.0000,  449.1000, 1307.6000, -100.0000,  0, 0, 255
L 538.6000, 1225.3998, -100.0000,  538.6000, 1307.6000, -100.0000,  0, 0, 255
L 448.4000, 1225.3998, -100.0000,  538.6000, 1225.3998, -100.0000,  0, 0, 255
L 449.1000, 1307.6000, -100.0000,  448.4000, 1225.3998, -100.0000,  0, 0, 255
L 677.4000, -200.0000, -33.0000,  759.6000, -199.7000, -33.0000,  0, 0, 255
L 759.6000, -199.7000, -33.0000,  759.2000, -110.2000, -33.0000,  0, 0, 255
L 759.2000, -110.2000, -33.0000,  677.0000, -109.8000, -33.0000,  0, 0, 255
L 677.0000, -109.8000, -33.0000,  677.4000, -200.0000, -33.0000,  0, 0, 255
L -666.3000, 692.0000, -77.0000,  -666.3000, 710.0000, -77.0000,  0, 255, 0
L -666.3000, 710.0000, -77.0000,  -659.1000, 710.0000, -77.0000,  0, 255, 0
L -659.1000, 710.0000, -77.0000,  -659.1000, 692.0000, -77.0000,  0, 255, 0
L -823.0000, 1094.0000, -77.0000,  -823.0000, 692.0000, -77.0000,  0, 255, 0
L -441.0000, 948.0000, -77.0000,  -442.0000, 1094.0000, -77.0000,  0, 255, 0
L -442.0000, 1094.0000, -77.0000,  -615.6000, 1094.0000, -77.0000,  0, 255, 0
L -823.0000, 692.0000, -77.0000,  -666.3000, 692.0000, -77.0000,  0, 255, 0
L -442.0000, 692.0000, -77.0000,  -441.0000, 884.0000, -77.0000,  0, 255, 0
L -666.3000, 692.0000, -77.0000,  -659.1000, 692.0000, -77.0000,  0, 255, 0
L -659.1000, 692.0000, -77.0000,  -640.7000, 692.0000, -77.0000,  0, 255, 0
L -640.7000, 692.0000, -77.0000,  -633.5000, 692.0000, -77.0000,  0, 255, 0
L -633.5000, 692.0000, -77.0000,  -605.2000, 692.0000, -77.0000,  0, 255, 0
L -605.2000, 692.0000, -77.0000,  -598.0000, 692.0000, -77.0000,  0, 255, 0
L -598.0000, 692.0000, -77.0000,  -556.7000, 692.0000, -77.0000,  0, 255, 0
L -556.7000, 692.0000, -77.0000,  -549.5000, 692.0000, -77.0000,  0, 255, 0
L -549.5000, 692.0000, -77.0000,  -530.4000, 692.0000, -77.0000,  0, 255, 0
L -530.4000, 692.0000, -77.0000,  -523.2000, 692.0000, -77.0000,  0, 255, 0
L -523.2000, 692.0000, -77.0000,  -505.2000, 692.0000, -77.0000,  0, 255, 0
L -505.2000, 692.0000, -77.0000,  -498.0000, 692.0000, -77.0000,  0, 255, 0
L -498.0000, 692.0000, -77.0000,  -456.7000, 692.0000, -77.0000,  0, 255, 0
L -456.7000, 692.0000, -77.0000,  -449.5000, 692.0000, -77.0000,  0, 255, 0
L -449.5000, 692.0000, -77.0000,  -442.0000, 692.0000, -77.0000,  0, 255, 0
L -640.7000, 692.0000, -77.0000,  -640.7000, 710.0000, -77.0000,  0, 255, 0
L -640.7000, 710.0000, -77.0000,  -633.5000, 710.0000, -77.0000,  0, 255, 0
L -633.5000, 710.0000, -77.0000,  -633.5000, 692.0000, -77.0000,  0, 255, 0
L -598.0000, 710.0000, -77.0000,  -598.0000, 692.0000, -77.0000,  0, 255, 0
L -605.2000, 692.0000, -77.0000,  -605.2000, 710.0000, -77.0000,  0, 255, 0
L -605.2000, 710.0000, -77.0000,  -598.0000, 710.0000, -77.0000,  0, 255, 0
L -556.7000, 710.0000, -77.0000,  -549.5000, 710.0000, -77.0000,  0, 255, 0
L -549.5000, 710.0000, -77.0000,  -549.5000, 692.0000, -77.0000,  0, 255, 0
L -556.7000, 692.0000, -77.0000,  -556.7000, 710.0000, -77.0000,  0, 255, 0
L -523.2000, 710.0000, -77.0000,  -523.2000, 692.0000, -77.0000,  0, 255, 0
L -530.4000, 710.0000, -77.0000,  -523.2000, 710.0000, -77.0000,  0, 255, 0
L -530.4000, 692.0000, -77.0000,  -530.4000, 710.0000, -77.0000,  0, 255, 0
L -498.0000, 710.0000, -77.0000,  -498.0000, 692.0000, -77.0000,  0, 255, 0
L -505.2000, 710.0000, -77.0000,  -498.0000, 710.0000, -77.0000,  0, 255, 0
L -505.2000, 692.0000, -77.0000,  -505.2000, 710.0000, -77.0000,  0, 255, 0
L -456.7000, 710.0000, -77.0000,  -449.5000, 710.0000, -77.0000,  0, 255, 0
L -456.7000, 692.0000, -77.0000,  -456.7000, 710.0000, -77.0000,  0, 255, 0
L -449.5000, 710.0000, -77.0000,  -449.5000, 692.0000, -77.0000,  0, 255, 0
L -599.9000, 1049.0000, -87.5000,  -652.5000, 1049.0000, -87.5000,  0, 0, 255
L -652.5000, 1049.0000, -87.5000,  -648.8000, 1034.5000, -87.5000,  0, 0, 255
L -725.5000, 1076.0000, -77.0000,  -732.7000, 1076.0000, -77.0000,  0, 255, 0
L -725.5000, 1094.0000, -77.0000,  -725.5000, 1076.0000, -77.0000,  0, 255, 0
L -732.7000, 1076.0000, -77.0000,  -732.7000, 1094.0000, -77.0000,  0, 255, 0
L -751.7000, 1094.0000, -77.0000,  -758.9000, 1094.0000, -77.0000,  0, 255, 0
L -725.5000, 1094.0000, -77.0000,  -732.7000, 1094.0000, -77.0000,  0, 255, 0
L -732.7000, 1094.0000, -77.0000,  -751.7000, 1094.0000, -77.0000,  0, 255, 0
L -751.7000, 1076.0000, -77.0000,  -758.9000, 1076.0000, -77.0000,  0, 255, 0
L -751.7000, 1094.0000, -77.0000,  -751.7000, 1076.0000, -77.0000,  0, 255, 0
L -758.9000, 1076.0000, -77.0000,  -758.9000, 1094.0000, -77.0000,  0, 255, 0
L -758.9000, 1094.0000, -77.0000,  -823.0000, 1094.0000, -77.0000,  0, 255, 0
L -676.4000, 1094.0000, -77.0000,  -683.6000, 1094.0000, -77.0000,  0, 255, 0
L -641.2000, 1094.0000, -77.0000,  -648.4000, 1094.0000, -77.0000,  0, 255, 0
L -615.6000, 1094.0000, -77.0000,  -622.8000, 1094.0000, -77.0000,  0, 255, 0
L -615.6000, 1094.0000, -77.0000,  -615.6000, 1076.0000, -77.0000,  0, 255, 0
L -615.6000, 1076.0000, -77.0000,  -622.8000, 1076.0000, -77.0000,  0, 255, 0
L -622.8000, 1076.0000, -77.0000,  -622.8000, 1094.0000, -77.0000,  0, 255, 0
L -622.8000, 1094.0000, -77.0000,  -641.2000, 1094.0000, -77.0000,  0, 255, 0
L -641.2000, 1076.0000, -77.0000,  -648.4000, 1076.0000, -77.0000,  0, 255, 0
L -648.4000, 1076.0000, -77.0000,  -648.4000, 1094.0000, -77.0000,  0, 255, 0
L -641.2000, 1094.0000, -77.0000,  -641.2000, 1076.0000, -77.0000,  0, 255, 0
L -648.4000, 1094.0000, -77.0000,  -676.4000, 1094.0000, -77.0000,  0, 255, 0
L -676.4000, 1094.0000, -77.0000,  -676.4000, 1076.0000, -77.0000,  0, 255, 0
L -683.6000, 1076.0000, -77.0000,  -683.6000, 1094.0000, -77.0000,  0, 255, 0
L -676.4000, 1076.0000, -77.0000,  -683.6000, 1076.0000, -77.0000,  0, 255, 0
L -683.6000, 1094.0000, -77.0000,  -725.5000, 1094.0000, -77.0000,  0, 255, 0
